17635 0.000 LR999939.1	464201
17596 2.273 LR999939.1	230587
17605 2.273 LR999939.1	232308
17681 5.723 LR999939.1	1285890
17730 10.377 LR999939.1	2014582
17738 10.377 LR999939.1	2092122
17753 12.650 LR999939.1	2285357
17788 13.774 LR999939.1	2872167
17807 13.774 LR999939.1	2981135
17831 13.774 LR999939.1	3103639
17847 13.774 LR999939.1	3138386
17947 24.931 LR999939.1	4736223
17990 26.055 LR999939.1	5194313
17995 26.055 LR999939.1	5290936
18007 26.055 LR999939.1	5349525
18013 26.055 LR999939.1	5355302
18034 27.179 LR999939.1	5499813
18059 27.179 LR999939.1	5660990
18074 29.452 LR999939.1	5892834
18084 29.452 LR999939.1	5931329
18124 29.452 LR999939.1	6195616
18130 29.452 LR999939.1	6217177
18151 29.452 LR999939.1	6384615
18090 30.575 LR999939.1	5973038
18166 31.699 LR999939.1	6741699
18171 31.699 LR999939.1	6774271
18180 31.699 LR999939.1	6869265
18197 32.823 LR999939.1	7408475
18205 33.946 LR999939.1	7775826
18260 38.601 LR999939.1	8325150
18263 38.601 LR999939.1	8370254
18269 38.601 LR999939.1	8404135
18279 38.601 LR999939.1	8428231
18298 39.724 LR999939.1	8641958
18305 39.724 LR999939.1	8806890
18363 41.997 LR999939.1	9271507
18392 41.997 LR999939.1	9706121
18396 41.997 LR999939.1	9795225
18416 41.997 LR999939.1	9892839
18446 41.997 LR999939.1	10034563
18452 43.121 LR999939.1	10044345
18478 43.121 LR999939.1	10217238
18481 44.245 LR999939.1	10437365
18497 44.245 LR999939.1	10834848
18517 46.518 LR999939.1	10975250
18537 46.518 LR999939.1	11230003
18568 46.518 LR999939.1	11354722
18595 46.518 LR999939.1	11563181
18625 47.642 LR999939.1	11827255
18786 49.915 LR999939.1	13019442
18687 51.038 LR999939.1	12210580
18701 51.038 LR999939.1	12210939
18724 51.038 LR999939.1	12571320
18739 51.038 LR999939.1	12763226
18818 52.162 LR999939.1	13551761
11772 0.000 LR999933.1	14939763
11804 0.000 LR999933.1	15282533
11760 0.000 LR999933.1	14901127
11722 2.273 LR999933.1	14690925
11702 2.273 LR999933.1	14570320
11656 2.273 LR999933.1	14176216
11640 5.723 LR999933.1	14014102
11575 6.846 LR999933.1	13643067
11626 6.846 LR999933.1	13924908
11620 7.970 LR999933.1	13862885
11582 9.094 LR999933.1	13690072
11459 13.748 LR999933.1	12115599
11532 14.872 LR999933.1	12893627
11463 14.872 LR999933.1	12203681
11423 14.872 LR999933.1	11931877
11498 14.872 LR999933.1	12468529
11308 15.995 LR999933.1	11077481
11355 15.995 LR999933.1	11433558
11223 19.445 LR999933.1	10363414
11204 20.569 LR999933.1	10161905
11162 20.569 LR999933.1	9828699
11195 20.569 LR999933.1	10092765
11166 20.569 LR999933.1	9900238
11113 21.692 LR999933.1	9152311
11062 21.692 LR999933.1	8565853
11155 21.692 LR999933.1	9775747
11106 21.692 LR999933.1	9081513
11119 21.692 LR999933.1	9177077
11129 21.692 LR999933.1	9330541
11078 21.692 LR999933.1	8764909
11132 21.692 LR999933.1	9405140
11127 21.692 LR999933.1	9280792
11083 21.692 LR999933.1	8902100
11044 22.816 LR999933.1	8229456
11051 22.816 LR999933.1	8340916
10991 22.816 LR999933.1	7924457
10957 22.816 LR999933.1	7701782
10946 22.816 LR999933.1	7282517
10914 23.940 LR999933.1	7013520
10943 25.063 LR999933.1	7102622
10808 30.953 LR999933.1	5314198
10860 32.076 LR999933.1	5844571
10818 32.076 LR999933.1	5591334
10866 32.076 LR999933.1	5867386
10839 32.076 LR999933.1	5807627
10763 33.200 LR999933.1	5267013
10760 33.200 LR999933.1	5165732
10789 33.200 LR999933.1	5287831
10687 35.473 LR999933.1	4128722
10699 35.473 LR999933.1	4220209
10623 37.746 LR999933.1	3200770
10611 41.196 LR999933.1	2945714
10569 48.351 LR999933.1	2107276
10531 51.800 LR999933.1	1618929
10529 52.924 LR999933.1	1521807
10501 54.048 LR999933.1	1297164
10479 54.048 LR999933.1	1162765
10518 54.048 LR999933.1	1352907
10467 56.321 LR999933.1	780524
7955 0.000 LR999931.1	255019
7992 0.000 LR999931.1	592887
8031 2.273 LR999931.1	928089
8057 3.397 LR999931.1	1494465
8062 3.397 LR999931.1	1498776
8103 5.670 LR999931.1	2103473
8127 5.670 LR999931.1	2241203
8157 6.794 LR999931.1	2376428
8168 7.917 LR999931.1	2625059
8176 7.917 LR999931.1	2680487
8181 7.917 LR999931.1	2687309
8192 12.572 LR999931.1	2844843
8212 16.021 LR999931.1	3101306
8246 23.176 LR999931.1	3931951
8271 23.176 LR999931.1	4128472
8297 24.300 LR999931.1	4436590
8372 27.750 LR999931.1	5590785
8381 27.750 LR999931.1	5591103
8395 28.873 LR999931.1	5868432
8384 28.873 LR999931.1	5836869
8421 34.762 LR999931.1	6389391
8433 35.886 LR999931.1	6750007
8437 37.010 LR999931.1	7124324
8451 38.133 LR999931.1	7236043
8468 39.257 LR999931.1	7723351
8486 39.257 LR999931.1	7960423
8495 39.257 LR999931.1	8005818
8521 39.257 LR999931.1	8060012
8568 41.530 LR999931.1	8631342
8584 41.530 LR999931.1	8778198
8589 41.530 LR999931.1	8887937
8600 41.530 LR999931.1	9063010
8605 41.530 LR999931.1	9221319
8649 41.530 LR999931.1	9608818
8662 41.530 LR999931.1	9709037
8678 41.530 LR999931.1	9749556
8689 41.530 LR999931.1	9802726
8705 44.980 LR999931.1	10017695
8712 44.980 LR999931.1	10079687
8739 44.980 LR999931.1	10081902
8765 44.980 LR999931.1	10380899
8770 44.980 LR999931.1	10382575
8774 44.980 LR999931.1	10383551
8776 44.980 LR999931.1	10856431
8792 44.980 LR999931.1	11325365
8803 44.980 LR999931.1	11454148
8842 44.980 LR999931.1	12034923
8848 46.103 LR999931.1	12094012
8885 46.103 LR999931.1	12586650
8901 46.103 LR999931.1	12703224
8991 46.103 LR999931.1	13377343
9004 46.103 LR999931.1	13384294
9012 46.103 LR999931.1	13389228
9016 46.103 LR999931.1	13400299
9037 46.103 LR999931.1	13766981
9044 47.227 LR999931.1	13791594
9078 50.677 LR999931.1	13937175
9142 51.800 LR999931.1	14930331
9159 54.073 LR999931.1	15121152
9177 54.073 LR999931.1	15319055
9208 54.073 LR999931.1	15455197
20123 0.000 LR999942.1	186768
20160 1.124 LR999942.1	689086
20172 2.247 LR999942.1	736722
20185 2.247 LR999942.1	770416
20220 4.520 LR999942.1	1569149
20203 5.644 LR999942.1	1176583
20233 5.644 LR999942.1	1575388
20238 5.644 LR999942.1	1607430
20291 5.644 LR999942.1	1993372
20303 7.917 LR999942.1	2040903
20318 7.917 LR999942.1	2088763
20361 10.190 LR999942.1	2545641
20376 10.190 LR999942.1	2558278
20385 10.190 LR999942.1	2657454
20457 16.079 LR999942.1	4013314
20506 16.079 LR999942.1	4198079
20525 19.529 LR999942.1	4443313
20565 20.653 LR999942.1	4659683
20578 20.653 LR999942.1	4700634
20621 22.926 LR999942.1	5429006
20626 22.926 LR999942.1	5435453
20650 25.199 LR999942.1	5717044
20657 25.199 LR999942.1	5756899
20705 25.199 LR999942.1	6078012
20718 25.199 LR999942.1	6195886
20721 25.199 LR999942.1	6226934
20749 25.199 LR999942.1	6710899
20765 25.199 LR999942.1	6739879
20775 25.199 LR999942.1	6742846
20787 25.199 LR999942.1	6916265
20805 25.199 LR999942.1	7301838
20859 25.199 LR999942.1	7888252
20730 25.199 LR999942.1	6329969
20840 25.199 LR999942.1	7350936
20752 25.199 LR999942.1	6729508
20904 26.323 LR999942.1	8383443
20920 27.446 LR999942.1	8446544
20925 28.570 LR999942.1	8642987
20967 32.020 LR999942.1	8915693
21020 36.674 LR999942.1	10418587
21033 37.798 LR999942.1	10473472
21102 42.452 LR999942.1	11352976
21131 43.576 LR999942.1	11589175
21159 44.700 LR999942.1	12022684
21197 50.589 LR999942.1	12295320
21238 50.589 LR999942.1	12426977
21255 52.862 LR999942.1	13082640
5651 0.000 LR999929.1	2267820
5604 0.000 LR999929.1	1724330
5687 0.000 LR999929.1	2691315
5568 1.124 LR999929.1	1483984
5730 9.577 LR999929.1	3558008
5789 9.577 LR999929.1	4281615
5771 9.577 LR999929.1	4042432
5799 10.701 LR999929.1	4562662
5829 11.825 LR999929.1	4943596
5867 12.948 LR999929.1	5391467
5958 12.948 LR999929.1	6176080
5874 12.948 LR999929.1	5628498
5955 12.948 LR999929.1	6070203
5815 12.948 LR999929.1	4883569
5855 12.948 LR999929.1	5311433
5914 12.948 LR999929.1	5664567
5974 18.838 LR999929.1	6731765
6022 18.838 LR999929.1	7189653
6043 21.111 LR999929.1	7300078
6164 25.765 LR999929.1	9202145
6054 25.765 LR999929.1	7881714
6188 26.889 LR999929.1	9501293
6244 26.889 LR999929.1	9883920
6111 26.889 LR999929.1	8418705
6067 26.889 LR999929.1	8009630
6175 26.889 LR999929.1	9210504
6180 26.889 LR999929.1	9454141
6096 26.889 LR999929.1	8224960
6048 26.889 LR999929.1	7828865
6211 26.889 LR999929.1	9859071
6251 26.889 LR999929.1	9966066
6270 28.012 LR999929.1	10352604
6284 28.012 LR999929.1	10847460
6342 30.286 LR999929.1	11680085
6379 30.286 LR999929.1	11941944
6321 30.286 LR999929.1	11596863
6420 33.735 LR999929.1	12492202
6460 34.859 LR999929.1	13021958
6471 34.859 LR999929.1	13052610
6522 34.859 LR999929.1	13689502
6572 37.132 LR999929.1	14391634
6586 40.582 LR999929.1	14695438
6593 40.582 LR999929.1	14808084
6609 42.855 LR999929.1	15207224
15127 0.000 LR999937.1	109445
15146 0.000 LR999937.1	160449
15170 0.000 LR999937.1	277926
15205 0.000 LR999937.1	562878
15209 0.000 LR999937.1	599915
15240 1.124 LR999937.1	906756
15249 1.124 LR999937.1	922095
15257 4.573 LR999937.1	1018975
15295 4.573 LR999937.1	1153367
15316 4.573 LR999937.1	1872393
15354 10.462 LR999937.1	2686389
15366 13.912 LR999937.1	3124687
15375 13.912 LR999937.1	3168753
15390 15.036 LR999937.1	3408583
15430 18.485 LR999937.1	3970735
15460 18.485 LR999937.1	4240606
15473 18.485 LR999937.1	4286755
15522 18.485 LR999937.1	4620730
15499 19.609 LR999937.1	4319799
15597 24.264 LR999937.1	6464598
15613 24.264 LR999937.1	6542449
15621 24.264 LR999937.1	6655794
15638 24.264 LR999937.1	6668020
15651 25.387 LR999937.1	6945932
15665 25.387 LR999937.1	7180602
15687 27.660 LR999937.1	7368303
15694 27.660 LR999937.1	7441657
15702 27.660 LR999937.1	7585292
15714 28.784 LR999937.1	7681684
15718 32.234 LR999937.1	7728308
15744 34.507 LR999937.1	7927567
15751 34.507 LR999937.1	7977757
15823 35.630 LR999937.1	8520445
15868 36.754 LR999937.1	8621427
15900 36.754 LR999937.1	8783428
15901 36.754 LR999937.1	8829760
15937 36.754 LR999937.1	9694534
16013 37.878 LR999937.1	10099982
16025 37.878 LR999937.1	10180424
16045 37.878 LR999937.1	10330881
16051 37.878 LR999937.1	10373016
16074 37.878 LR999937.1	10830044
16078 37.878 LR999937.1	10831519
16112 37.878 LR999937.1	11030920
16121 37.878 LR999937.1	11218356
16139 37.878 LR999937.1	11605752
16106 39.001 LR999937.1	10999303
16163 40.125 LR999937.1	11950339
16169 40.125 LR999937.1	11951307
16171 40.125 LR999937.1	11951635
16225 51.282 LR999937.1	12913316
16244 52.406 LR999937.1	13194031
16260 52.406 LR999937.1	13242108
16290 53.529 LR999937.1	13744887
16294 56.979 LR999937.1	14126232
16314 58.103 LR999937.1	14482402
15090 0.000 LR999936.1	14373049
15108 1.124 LR999936.1	14677668
15051 7.013 LR999936.1	13719215
15034 7.013 LR999936.1	13656847
15026 8.136 LR999936.1	13283000
15032 8.136 LR999936.1	13289715
14975 9.260 LR999936.1	12708901
14968 10.384 LR999936.1	12649645
14926 10.384 LR999936.1	12445310
14960 10.384 LR999936.1	12625968
14919 10.384 LR999936.1	12376038
14902 13.833 LR999936.1	11926579
14901 13.833 LR999936.1	11898291
14855 18.488 LR999936.1	10865191
14838 20.761 LR999936.1	10724630
14833 21.885 LR999936.1	10483947
14781 23.008 LR999936.1	10203088
14785 23.008 LR999936.1	10214192
14706 24.132 LR999936.1	9306070
14670 26.405 LR999936.1	8797086
14648 28.678 LR999936.1	8661414
14632 29.802 LR999936.1	7806045
14606 30.925 LR999936.1	7421006
14597 34.375 LR999936.1	7357240
14566 34.375 LR999936.1	6773786
14569 34.375 LR999936.1	7126981
14468 39.030 LR999936.1	5419561
14535 39.030 LR999936.1	6438889
14448 39.030 LR999936.1	5227718
14370 42.479 LR999936.1	4570908
14399 42.479 LR999936.1	4745787
14347 43.603 LR999936.1	4363367
14304 44.727 LR999936.1	3500259
14288 44.727 LR999936.1	3303587
14246 45.850 LR999936.1	2974788
14270 45.850 LR999936.1	3129531
14219 45.850 LR999936.1	2510420
14242 45.850 LR999936.1	2858064
14229 45.850 LR999936.1	2694473
14224 45.850 LR999936.1	2535175
14154 48.123 LR999936.1	1323189
14165 48.123 LR999936.1	1528075
14190 48.123 LR999936.1	2073490
14178 48.123 LR999936.1	1720138
14124 48.123 LR999936.1	1142182
14107 52.778 LR999936.1	939277
14084 53.901 LR999936.1	744726
14073 53.901 LR999936.1	375640
14058 55.025 LR999936.1	85260
14069 56.149 LR999936.1	131458
21304 0.000 LR999943.1	412137
21340 1.124 LR999943.1	474946
21359 1.124 LR999943.1	644078
21369 1.124 LR999943.1	814721
21386 1.124 LR999943.1	941733
21399 1.124 LR999943.1	1021034
21405 1.124 LR999943.1	1029249
21412 1.124 LR999943.1	1299679
21664 9.577 LR999943.1	3272659
21647 10.701 LR999943.1	3245861
21665 10.701 LR999943.1	3798853
21698 12.974 LR999943.1	4129817
21725 12.974 LR999943.1	4320037
21741 12.974 LR999943.1	4362724
21764 12.974 LR999943.1	4363212
21774 12.974 LR999943.1	4470673
21793 14.098 LR999943.1	4787220
21803 14.098 LR999943.1	4908148
21829 14.098 LR999943.1	5394830
21823 15.222 LR999943.1	5340055
21840 15.222 LR999943.1	5708544
21888 19.876 LR999943.1	6683387
21897 19.876 LR999943.1	6822613
21903 19.876 LR999943.1	6968417
21919 22.149 LR999943.1	7273559
21925 22.149 LR999943.1	7322473
21930 22.149 LR999943.1	7342540
21952 25.599 LR999943.1	7541856
21971 26.722 LR999943.1	7797663
21980 26.722 LR999943.1	7813318
22031 26.722 LR999943.1	8229856
22037 26.722 LR999943.1	8279359
22049 26.722 LR999943.1	8343615
22103 28.996 LR999943.1	9012231
22137 30.119 LR999943.1	9086898
22141 32.392 LR999943.1	9350701
22216 33.516 LR999943.1	9865927
22229 33.516 LR999943.1	9893890
22252 34.640 LR999943.1	10497845
22295 35.763 LR999943.1	11397635
22323 36.887 LR999943.1	11566896
22347 38.011 LR999943.1	11792642
22361 39.134 LR999943.1	12339841
22416 48.921 LR999943.1	12936427
22445 50.045 LR999943.1	13149523
24430 0.000 LR999945.1	12762381
24393 1.124 LR999945.1	12611624
24388 1.124 LR999945.1	12439273
24309 2.247 LR999945.1	11364988
24363 2.247 LR999945.1	12071504
24294 4.520 LR999945.1	11311389
24267 5.644 LR999945.1	10914750
24275 5.644 LR999945.1	11013118
24285 5.644 LR999945.1	11084823
24281 5.644 LR999945.1	11071865
24264 6.768 LR999945.1	10731752
24145 10.217 LR999945.1	8896203
24221 10.217 LR999945.1	10434367
24195 10.217 LR999945.1	9978894
24113 14.872 LR999945.1	8311749
24088 14.872 LR999945.1	8019958
24063 15.995 LR999945.1	7304575
24072 15.995 LR999945.1	7304921
24053 17.119 LR999945.1	6970220
24052 17.119 LR999945.1	6969919
24000 18.243 LR999945.1	6402209
23928 22.897 LR999945.1	5755530
23893 22.897 LR999945.1	5454204
23899 22.897 LR999945.1	5727972
23872 25.170 LR999945.1	5343167
23820 25.170 LR999945.1	4519580
23845 25.170 LR999945.1	4694065
23837 25.170 LR999945.1	4631370
23806 26.294 LR999945.1	4425613
23789 29.744 LR999945.1	4318512
23716 29.744 LR999945.1	3683675
23740 30.867 LR999945.1	3981462
23750 30.867 LR999945.1	4050465
23758 30.867 LR999945.1	4083848
23737 33.140 LR999945.1	3965734
23547 47.156 LR999945.1	1971432
23572 48.279 LR999945.1	2170300
23581 48.279 LR999945.1	2307908
23579 48.279 LR999945.1	2173228
23529 50.552 LR999945.1	1613226
23502 50.552 LR999945.1	1468061
23473 50.552 LR999945.1	1248493
23476 50.552 LR999945.1	1279704
23516 50.552 LR999945.1	1593521
23420 55.207 LR999945.1	490781
23409 56.330 LR999945.1	402949
23393 58.604 LR999945.1	400537
5364 0.000 LR999928.1	15101308
5449 0.000 LR999928.1	15549503
5381 0.000 LR999928.1	15276761
5426 0.000 LR999928.1	15387865
5404 0.000 LR999928.1	15326288
5475 0.000 LR999928.1	15577702
5348 2.273 LR999928.1	14580980
5323 3.397 LR999928.1	14362024
5193 3.397 LR999928.1	13402586
5237 3.397 LR999928.1	13940154
5201 3.397 LR999928.1	13423813
5282 3.397 LR999928.1	14061924
5359 4.520 LR999928.1	14641826
5170 4.520 LR999928.1	13148540
5164 6.794 LR999928.1	13079313
5121 10.243 LR999928.1	12543920
5108 20.030 LR999928.1	11993083
5096 20.030 LR999928.1	11879659
5102 20.030 LR999928.1	11919571
5085 20.030 LR999928.1	11565610
5064 22.304 LR999928.1	11386490
5067 23.427 LR999928.1	11434246
5033 24.551 LR999928.1	10804386
5013 24.551 LR999928.1	10665294
4990 25.674 LR999928.1	10282294
4987 25.674 LR999928.1	10278600
4963 26.798 LR999928.1	9862852
4967 26.798 LR999928.1	9926668
4907 29.071 LR999928.1	9217269
4937 29.071 LR999928.1	9435860
4912 29.071 LR999928.1	9348069
4763 30.195 LR999928.1	7440331
4847 30.195 LR999928.1	8017196
4876 30.195 LR999928.1	8271934
4886 30.195 LR999928.1	8436153
4825 30.195 LR999928.1	8009812
4760 31.318 LR999928.1	7364280
4733 31.318 LR999928.1	7329546
4620 32.442 LR999928.1	6040718
4699 32.442 LR999928.1	6948166
4684 32.442 LR999928.1	6383125
4707 32.442 LR999928.1	6948708
4665 32.442 LR999928.1	6274479
4635 32.442 LR999928.1	6115606
4513 35.892 LR999928.1	4822015
4499 35.892 LR999928.1	4606992
4506 35.892 LR999928.1	4812557
4563 35.892 LR999928.1	5206015
4531 35.892 LR999928.1	4839172
4487 40.546 LR999928.1	4268382
4478 41.670 LR999928.1	3735592
4476 45.120 LR999928.1	3324204
4404 45.120 LR999928.1	2745238
4441 45.120 LR999928.1	2882862
4448 45.120 LR999928.1	2953237
4372 45.120 LR999928.1	2610441
4422 45.120 LR999928.1	2759133
4332 47.393 LR999928.1	2329050
4278 47.393 LR999928.1	2052306
4272 49.666 LR999928.1	1940232
4249 49.666 LR999928.1	1532567
4234 50.789 LR999928.1	1412605
4102 50.789 LR999928.1	136249
4110 50.789 LR999928.1	155966
4150 50.789 LR999928.1	657979
4230 50.789 LR999928.1	1335016
4168 50.789 LR999928.1	824627
4215 51.913 LR999928.1	1299772
4121 51.913 LR999928.1	156526
4147 51.913 LR999928.1	626150
4192 54.186 LR999928.1	1150546
22537 0.000 LR999944.1	2793268
22564 0.000 LR999944.1	3227948
22660 3.450 LR999944.1	4436657
22629 3.450 LR999944.1	3919099
22707 5.723 LR999944.1	5522474
22723 6.846 LR999944.1	5666136
22732 7.970 LR999944.1	5894513
22833 11.420 LR999944.1	7537987
22900 11.420 LR999944.1	7921449
22855 11.420 LR999944.1	7667446
22794 11.420 LR999944.1	7322595
22896 11.420 LR999944.1	7894030
22812 11.420 LR999944.1	7395391
22906 11.420 LR999944.1	7943880
22920 12.543 LR999944.1	8120148
22928 12.543 LR999944.1	8122315
23008 20.997 LR999944.1	8983270
23050 22.121 LR999944.1	9144082
23028 23.244 LR999944.1	9135365
23001 23.244 LR999944.1	8925606
23174 27.899 LR999944.1	9788658
23181 27.899 LR999944.1	9872987
23185 27.899 LR999944.1	9935423
23140 27.899 LR999944.1	9783241
23200 29.023 LR999944.1	10054763
23250 32.472 LR999944.1	10985596
23282 34.745 LR999944.1	11401675
23317 37.018 LR999944.1	11952428
23332 40.468 LR999944.1	12408323
23326 40.468 LR999944.1	12262895
23347 41.592 LR999944.1	12604840
7944 0.000 LR999930.1	15553020
7908 1.124 LR999930.1	14933867
7856 1.124 LR999930.1	14544287
7887 1.124 LR999930.1	14679467
7917 1.124 LR999930.1	15107906
7735 8.279 LR999930.1	13447158
7713 8.279 LR999930.1	13338746
7768 8.279 LR999930.1	13477181
7778 8.279 LR999930.1	13622834
7643 18.066 LR999930.1	12388321
7589 21.516 LR999930.1	11825624
7622 21.516 LR999930.1	12253086
7426 28.671 LR999930.1	10577906
7483 28.671 LR999930.1	11144988
7438 28.671 LR999930.1	10614924
7399 37.124 LR999930.1	9415697
7387 37.124 LR999930.1	9355225
7321 40.574 LR999930.1	9053536
7289 40.574 LR999930.1	8571588
7278 40.574 LR999930.1	8520926
7234 44.024 LR999930.1	7368942
7204 45.147 LR999930.1	7169410
7144 46.271 LR999930.1	6727573
7157 47.395 LR999930.1	6798912
7062 48.518 LR999930.1	6086096
7039 48.518 LR999930.1	5904818
7046 48.518 LR999930.1	6052765
6971 48.518 LR999930.1	4851982
7103 48.518 LR999930.1	6237316
7007 48.518 LR999930.1	5643974
6916 50.791 LR999930.1	3877751
6841 53.065 LR999930.1	2861402
6863 53.065 LR999930.1	3201250
6815 54.188 LR999930.1	2221413
6818 54.188 LR999930.1	2278884
6836 54.188 LR999930.1	2623445
6816 54.188 LR999930.1	2221713
6804 55.312 LR999930.1	1805725
6771 55.312 LR999930.1	1440933
6673 56.435 LR999930.1	133308
6682 56.435 LR999930.1	173067
6762 56.435 LR999930.1	1183461
6741 56.435 LR999930.1	781880
6701 56.435 LR999930.1	298609
6726 57.559 LR999930.1	571443
28484 0.000 LR999950.1	9854050
28470 1.124 LR999950.1	9515955
28455 1.124 LR999950.1	9290400
28397 2.247 LR999950.1	8707854
28443 2.247 LR999950.1	9205097
28373 2.247 LR999950.1	8604652
28448 2.247 LR999950.1	9228001
28409 3.371 LR999950.1	8977687
28425 3.371 LR999950.1	9027067
28345 8.025 LR999950.1	7881357
28299 10.299 LR999950.1	7401498
28273 10.299 LR999950.1	7368085
28318 10.299 LR999950.1	7438847
28259 11.422 LR999950.1	7142039
28267 11.422 LR999950.1	7250141
28201 16.077 LR999950.1	6913257
28153 20.731 LR999950.1	6432427
28142 20.731 LR999950.1	6345241
28067 23.004 LR999950.1	5536430
28032 24.128 LR999950.1	4894351
28050 24.128 LR999950.1	5258251
27974 25.252 LR999950.1	4654161
27936 28.701 LR999950.1	4234672
27898 28.701 LR999950.1	3837268
27962 29.825 LR999950.1	4338942
27887 35.714 LR999950.1	3765942
27882 35.714 LR999950.1	3754748
27881 35.714 LR999950.1	3754422
27854 36.838 LR999950.1	3591597
27793 39.111 LR999950.1	2813946
27838 39.111 LR999950.1	3315239
27800 39.111 LR999950.1	2888148
27851 39.111 LR999950.1	3365273
27740 45.000 LR999950.1	2193180
27759 45.000 LR999950.1	2360914
27690 46.124 LR999950.1	1970930
27669 47.247 LR999950.1	1579421
27659 51.902 LR999950.1	1288591
27640 53.025 LR999950.1	438916
27627 53.025 LR999950.1	216038
27650 54.149 LR999950.1	494564
24453 0.000 LR999946.1	345845
24476 0.000 LR999946.1	481111
24462 1.124 LR999946.1	470152
24503 4.573 LR999946.1	1281504
24510 4.573 LR999946.1	1441480
24571 11.728 LR999946.1	2640513
24589 15.178 LR999946.1	3472204
24649 23.632 LR999946.1	4030132
24667 27.081 LR999946.1	4446895
24704 29.355 LR999946.1	5018689
24710 30.478 LR999946.1	5185796
24723 30.478 LR999946.1	5397946
24731 31.602 LR999946.1	5502712
24783 35.051 LR999946.1	6224720
24768 35.051 LR999946.1	6224202
24794 36.175 LR999946.1	6466548
24805 36.175 LR999946.1	6474228
24878 36.175 LR999946.1	7384977
24929 36.175 LR999946.1	7915175
24944 36.175 LR999946.1	8106053
24846 37.299 LR999946.1	6878028
24974 37.299 LR999946.1	8411966
24996 37.299 LR999946.1	8498118
24970 37.299 LR999946.1	8402390
25023 38.422 LR999946.1	8918164
25031 39.546 LR999946.1	9017302
25051 39.546 LR999946.1	9131947
25054 39.546 LR999946.1	9175319
25088 39.546 LR999946.1	9292832
25098 40.670 LR999946.1	9359398
25137 40.670 LR999946.1	9652662
25245 53.235 LR999946.1	11746948
25352 54.359 LR999946.1	12451368
25430 0.000 LR999947.1	929103
25435 0.000 LR999947.1	1053154
25446 1.124 LR999947.1	1282465
25461 1.124 LR999947.1	1315638
25522 10.911 LR999947.1	2305041
25558 13.184 LR999947.1	2871269
25576 13.184 LR999947.1	2994940
25595 15.457 LR999947.1	3644804
25609 15.457 LR999947.1	3862461
25618 16.581 LR999947.1	3979804
25632 17.704 LR999947.1	4196320
25668 17.704 LR999947.1	4612287
25702 18.828 LR999947.1	5232780
25728 19.952 LR999947.1	5829066
25762 29.739 LR999947.1	6584999
25775 30.863 LR999947.1	6718906
25807 33.136 LR999947.1	7090698
25841 33.136 LR999947.1	7554262
25858 33.136 LR999947.1	7795319
25902 34.259 LR999947.1	8050946
25957 38.914 LR999947.1	8883478
26070 43.568 LR999947.1	10267793
26104 44.692 LR999947.1	10733872
26179 49.347 LR999947.1	11612360
26314 0.000 LR999948.1	1511977
26369 8.454 LR999948.1	2674588
26441 11.903 LR999948.1	3255118
26451 11.903 LR999948.1	3408269
26497 15.353 LR999948.1	3986110
26526 15.353 LR999948.1	4110927
26545 15.353 LR999948.1	4304085
26557 15.353 LR999948.1	4403515
26570 15.353 LR999948.1	4640026
26589 17.626 LR999948.1	4933707
26633 23.515 LR999948.1	5872303
26638 24.639 LR999948.1	6015306
26659 25.763 LR999948.1	6614868
26680 26.886 LR999948.1	6823836
26699 26.886 LR999948.1	6825686
26850 29.159 LR999948.1	8689953
26728 31.433 LR999948.1	7346258
26761 31.433 LR999948.1	7686305
26773 31.433 LR999948.1	8117626
26818 31.433 LR999948.1	8648665
26902 38.588 LR999948.1	9842346
26928 45.743 LR999948.1	10438257
12632 0.000 LR999934.1	14042894
12601 2.273 LR999934.1	13553415
12540 5.723 LR999934.1	12319356
12459 6.846 LR999934.1	11394702
12482 6.846 LR999934.1	11875681
12492 6.846 LR999934.1	11923881
12441 6.846 LR999934.1	11207994
12500 6.846 LR999934.1	12026138
12411 12.736 LR999934.1	10455092
12370 12.736 LR999934.1	10171675
12342 13.859 LR999934.1	10047567
12393 13.859 LR999934.1	10329245
12302 17.309 LR999934.1	9382992
12313 17.309 LR999934.1	9654471
12285 18.432 LR999934.1	9216588
12253 19.556 LR999934.1	8355495
12195 23.006 LR999934.1	7794756
12150 24.129 LR999934.1	7290445
12176 24.129 LR999934.1	7324123
12063 35.287 LR999934.1	5931088
12020 35.287 LR999934.1	5797291
11972 36.410 LR999934.1	2909051
11871 44.864 LR999934.1	1476095
11847 49.519 LR999934.1	627216
11830 51.792 LR999934.1	278007
11811 54.065 LR999934.1	14446
28537 0.000 LR999951.1	515918
28518 1.124 LR999951.1	443573
28558 1.124 LR999951.1	883940
28570 5.778 LR999951.1	1299997
28602 6.902 LR999951.1	1453115
28621 11.556 LR999951.1	1866452
28629 11.556 LR999951.1	1940816
28652 11.556 LR999951.1	2073472
28699 12.680 LR999951.1	2648539
28724 12.680 LR999951.1	2755568
28736 13.804 LR999951.1	2807139
28775 19.693 LR999951.1	3331261
28809 20.816 LR999951.1	3908254
28839 20.816 LR999951.1	4147146
28886 24.266 LR999951.1	4392201
28889 24.266 LR999951.1	4518109
28893 27.716 LR999951.1	4653555
29148 47.989 LR999951.1	8158972
29100 49.113 LR999951.1	7939388
29119 49.113 LR999951.1	8038121
29124 49.113 LR999951.1	8105480
29207 51.386 LR999951.1	9036381
29233 53.659 LR999951.1	9709145
31639 0.000 LR999924.1	16496963
31653 0.000 LR999924.1	16942312
31636 1.124 LR999924.1	16341255
31627 1.124 LR999924.1	16210768
31610 1.124 LR999924.1	15951777
31623 1.124 LR999924.1	16051188
31618 2.247 LR999924.1	16014197
31572 5.697 LR999924.1	14250829
31558 6.821 LR999924.1	13849108
31503 7.944 LR999924.1	12998573
31518 7.944 LR999924.1	13151566
31521 7.944 LR999924.1	13157796
31514 7.944 LR999924.1	13124031
31508 7.944 LR999924.1	13121102
31526 7.944 LR999924.1	13302247
31463 9.068 LR999924.1	12542911
31497 9.068 LR999924.1	12927638
31488 9.068 LR999924.1	12764339
31458 9.068 LR999924.1	12536587
31478 9.068 LR999924.1	12558173
31442 10.192 LR999924.1	12174530
31435 10.192 LR999924.1	12107611
31395 11.315 LR999924.1	11458023
31350 12.439 LR999924.1	10349746
31364 12.439 LR999924.1	10948231
31354 12.439 LR999924.1	10690222
31339 13.562 LR999924.1	10204502
31322 13.562 LR999924.1	9955418
31312 13.562 LR999924.1	9730780
31300 14.686 LR999924.1	9405925
31284 15.810 LR999924.1	9016444
31292 15.810 LR999924.1	9080263
31296 15.810 LR999924.1	9212157
31280 15.810 LR999924.1	8931014
31275 15.810 LR999924.1	8877484
31306 15.810 LR999924.1	9537289
31258 16.933 LR999924.1	8522287
31253 16.933 LR999924.1	8521728
31269 16.933 LR999924.1	8825030
31208 18.057 LR999924.1	8462188
31188 19.181 LR999924.1	7885203
31183 19.181 LR999924.1	7792601
31127 20.304 LR999924.1	6958456
31143 20.304 LR999924.1	7128928
31169 20.304 LR999924.1	7471337
31172 20.304 LR999924.1	7539520
31136 20.304 LR999924.1	7077811
31160 20.304 LR999924.1	7438933
31058 22.577 LR999924.1	6257108
31104 22.577 LR999924.1	6777292
31064 22.577 LR999924.1	6378354
31024 22.577 LR999924.1	5710951
31047 22.577 LR999924.1	6151034
31039 22.577 LR999924.1	5869286
31082 22.577 LR999924.1	6765789
31014 24.851 LR999924.1	5290447
31009 24.851 LR999924.1	5288565
30886 32.006 LR999924.1	3516889
30939 33.129 LR999924.1	4133314
30869 33.129 LR999924.1	3376611
30991 33.129 LR999924.1	4702483
31006 33.129 LR999924.1	4710946
30857 33.129 LR999924.1	3149285
30980 33.129 LR999924.1	4678283
30969 33.129 LR999924.1	4384763
30903 33.129 LR999924.1	3695543
30852 35.402 LR999924.1	3066341
30778 41.291 LR999924.1	1957469
30825 41.291 LR999924.1	2449320
30829 41.291 LR999924.1	2544255
30836 41.291 LR999924.1	2643022
30834 41.291 LR999924.1	2568399
30841 41.291 LR999924.1	2683873
30764 41.291 LR999924.1	1759480
30782 41.291 LR999924.1	2038850
30758 42.415 LR999924.1	1535701
30737 42.415 LR999924.1	1413489
30620 43.539 LR999924.1	377125
30623 43.539 LR999924.1	406335
30667 43.539 LR999924.1	943192
30670 44.662 LR999924.1	1025807
30714 44.662 LR999924.1	1368699
30655 44.662 LR999924.1	860158
30707 45.786 LR999924.1	1355885
26976 0.000 LR999949.1	640727
27024 1.124 LR999949.1	1075423
27095 5.778 LR999949.1	2098998
27138 6.902 LR999949.1	2497930
27159 8.025 LR999949.1	2843240
27186 9.149 LR999949.1	2896549
27224 9.149 LR999949.1	3551026
27286 16.304 LR999949.1	4915596
27317 16.304 LR999949.1	5283888
27314 16.304 LR999949.1	5233578
27340 19.754 LR999949.1	5760167
27327 19.754 LR999949.1	5487488
27347 22.027 LR999949.1	6175835
27364 22.027 LR999949.1	6393758
27426 25.477 LR999949.1	7502966
29256 0.000 LR999952.1	361269
29265 0.000 LR999952.1	407813
29290 17.046 LR999952.1	1294468
29303 17.046 LR999952.1	1387410
29331 20.496 LR999952.1	2189444
29352 21.620 LR999952.1	2349169
29390 23.893 LR999952.1	2865377
29377 25.016 LR999952.1	2602076
29410 26.140 LR999952.1	3094553
29415 27.264 LR999952.1	3120905
29416 27.264 LR999952.1	3121242
29375 29.537 LR999952.1	2601579
29429 34.191 LR999952.1	3509969
29432 35.315 LR999952.1	3603466
29446 37.588 LR999952.1	3777361
29452 37.588 LR999952.1	3796065
29456 37.588 LR999952.1	3810278
29462 37.588 LR999952.1	3868915
29486 39.861 LR999952.1	4361213
29497 39.861 LR999952.1	4362398
29522 39.861 LR999952.1	4806918
29543 39.861 LR999952.1	4909367
29525 40.985 LR999952.1	4893474
29580 40.985 LR999952.1	5297199
29597 40.985 LR999952.1	5437243
29646 42.108 LR999952.1	6366982
29652 43.232 LR999952.1	7097082
29660 45.505 LR999952.1	7243877
29667 45.505 LR999952.1	7289368
30334 0.000 LR999954.1	6926423
30317 2.273 LR999954.1	6110037
30312 5.723 LR999954.1	5969594
30301 7.996 LR999954.1	5913552
30291 12.650 LR999954.1	5430205
30247 17.305 LR999954.1	4583210
30216 21.959 LR999954.1	3635321
30221 25.409 LR999954.1	3766609
30204 26.533 LR999954.1	3309180
30139 33.688 LR999954.1	2584964
30116 38.342 LR999954.1	1862894
30082 49.499 LR999954.1	633864
18983 0.000 LR999941.1	1421626
19004 0.000 LR999941.1	1520299
19025 7.155 LR999941.1	1924791
19055 8.279 LR999941.1	2479738
19033 8.279 LR999941.1	1993216
19061 9.402 LR999941.1	2741628
19095 14.057 LR999941.1	3177551
19122 15.180 LR999941.1	3531492
19111 15.180 LR999941.1	3407720
19115 15.180 LR999941.1	3509877
19126 15.180 LR999941.1	3544368
19230 17.454 LR999941.1	4347861
19231 17.454 LR999941.1	4362789
19225 17.454 LR999941.1	4025452
19281 28.611 LR999941.1	5245793
19263 28.611 LR999941.1	5090330
19321 29.734 LR999941.1	5775495
19360 29.734 LR999941.1	5942645
19339 29.734 LR999941.1	5805620
19333 29.734 LR999941.1	5793504
19437 30.858 LR999941.1	6426672
19457 33.131 LR999941.1	7284254
19448 33.131 LR999941.1	7209785
19391 35.404 LR999941.1	6077050
19604 37.677 LR999941.1	8602096
19479 37.677 LR999941.1	7517105
19536 37.677 LR999941.1	7914361
19517 37.677 LR999941.1	7815178
19690 39.951 LR999941.1	9199697
19653 39.951 LR999941.1	9135255
19695 39.951 LR999941.1	9280721
19711 39.951 LR999941.1	9498691
19771 39.951 LR999941.1	10242759
19748 41.074 LR999941.1	9788115
19790 43.347 LR999941.1	10710200
19882 44.471 LR999941.1	11469704
19932 47.921 LR999941.1	11932305
19922 47.921 LR999941.1	11784491
19996 49.044 LR999941.1	12619774
20015 49.044 LR999941.1	12630489
20033 49.044 LR999941.1	13023628
20088 51.317 LR999941.1	13682505
29712 0.000 LR999953.1	162193
29734 2.273 LR999953.1	750231
29797 10.727 LR999953.1	1900921
29827 14.177 LR999953.1	2409680
29869 17.626 LR999953.1	3749805
29899 19.899 LR999953.1	5377506
29913 19.899 LR999953.1	5472090
29922 19.899 LR999953.1	5472571
29964 23.349 LR999953.1	5970445
29972 23.349 LR999953.1	6058644
29980 23.349 LR999953.1	6065705
30610 0.000 LR999955.1	5583184
30597 0.000 LR999955.1	5580889
30576 5.889 LR999955.1	5307497
30549 14.343 LR999955.1	3942043
30560 14.343 LR999955.1	4120853
30487 18.997 LR999955.1	2626166
30493 18.997 LR999955.1	2775623
30415 20.121 LR999955.1	1937925
30531 22.394 LR999955.1	3380032
30442 25.844 LR999955.1	2321324
2 0.000 LR999925.1	528242
16 3.450 LR999925.1	895336
14 3.450 LR999925.1	642951
51 5.723 LR999925.1	1347737
91 9.172 LR999925.1	2154642
83 9.172 LR999925.1	2147235
105 10.296 LR999925.1	2257891
113 10.296 LR999925.1	2339583
97 10.296 LR999925.1	2251350
170 14.951 LR999925.1	2818129
180 14.951 LR999925.1	2834229
146 14.951 LR999925.1	2759549
208 14.951 LR999925.1	3118526
244 17.224 LR999925.1	3194013
271 17.224 LR999925.1	3569231
312 20.673 LR999925.1	4193449
354 21.797 LR999925.1	4462433
367 24.070 LR999925.1	4567004
399 25.194 LR999925.1	4712674
396 25.194 LR999925.1	4712335
447 26.317 LR999925.1	5092232
432 26.317 LR999925.1	5091903
471 28.590 LR999925.1	5554423
494 28.590 LR999925.1	5631789
502 28.590 LR999925.1	5639709
455 28.590 LR999925.1	5274659
507 28.590 LR999925.1	5845669
581 30.864 LR999925.1	6679637
569 30.864 LR999925.1	6330383
608 30.864 LR999925.1	6912969
631 31.987 LR999925.1	7448948
573 31.987 LR999925.1	6414107
682 33.111 LR999925.1	7789731
694 33.111 LR999925.1	7860151
777 34.235 LR999925.1	8651064
791 34.235 LR999925.1	8912689
702 34.235 LR999925.1	7880966
719 34.235 LR999925.1	8328942
715 34.235 LR999925.1	8301811
763 34.235 LR999925.1	8590746
834 35.358 LR999925.1	9093532
800 35.358 LR999925.1	9016910
826 35.358 LR999925.1	9085483
844 35.358 LR999925.1	9143521
876 36.482 LR999925.1	9775168
958 41.136 LR999925.1	10879049
1006 41.136 LR999925.1	11738335
911 41.136 LR999925.1	10527241
979 41.136 LR999925.1	11156113
922 41.136 LR999925.1	10549055
1022 43.409 LR999925.1	12104853
1073 45.683 LR999925.1	12549769
1125 47.956 LR999925.1	13050770
1107 47.956 LR999925.1	12951177
1082 47.956 LR999925.1	12780356
1086 47.956 LR999925.1	12872182
1157 49.079 LR999925.1	13274715
1176 50.203 LR999925.1	13424974
1230 50.203 LR999925.1	14229132
1203 50.203 LR999925.1	13713500
1353 51.327 LR999925.1	15927379
1246 51.327 LR999925.1	14670857
1316 51.327 LR999925.1	15319814
1300 51.327 LR999925.1	15187749
1272 51.327 LR999925.1	14964968
1380 51.327 LR999925.1	16164213
1311 51.327 LR999925.1	15188320
1237 53.600 LR999925.1	14633994
2568 0.000 LR999926.1	14473134
2758 2.273 LR999926.1	16328516
2622 2.273 LR999926.1	15348067
2531 2.273 LR999926.1	14106430
2665 2.273 LR999926.1	15440800
2742 2.273 LR999926.1	16238767
2729 2.273 LR999926.1	16051874
2545 2.273 LR999926.1	14389488
2518 4.546 LR999926.1	14002745
2453 6.819 LR999926.1	12895363
2480 6.819 LR999926.1	13404148
2423 12.709 LR999926.1	12537412
2320 17.363 LR999926.1	11187589
2370 17.363 LR999926.1	11566624
2283 17.363 LR999926.1	11042566
2332 18.487 LR999926.1	11211316
2294 18.487 LR999926.1	11101142
2359 18.487 LR999926.1	11311708
2250 18.487 LR999926.1	10757498
2366 18.487 LR999926.1	11383882
2264 19.610 LR999926.1	10936399
2272 19.610 LR999926.1	10970169
2215 30.767 LR999926.1	9912892
2197 30.767 LR999926.1	9814138
2184 30.767 LR999926.1	9516496
2181 31.891 LR999926.1	9165392
2169 34.164 LR999926.1	8959378
2086 37.614 LR999926.1	7824567
2022 37.614 LR999926.1	7299306
2004 37.614 LR999926.1	6695896
2013 37.614 LR999926.1	7185024
2047 37.614 LR999926.1	7472990
2066 37.614 LR999926.1	7749656
2044 37.614 LR999926.1	7457584
2060 37.614 LR999926.1	7569222
1982 41.064 LR999926.1	6420474
1936 42.187 LR999926.1	5856269
1918 42.187 LR999926.1	5767318
1898 42.187 LR999926.1	5722184
1964 42.187 LR999926.1	6164170
1752 45.637 LR999926.1	4397042
1736 45.637 LR999926.1	4277599
1799 45.637 LR999926.1	4689790
1741 45.637 LR999926.1	4379652
1699 45.637 LR999926.1	3827713
1764 45.637 LR999926.1	4474591
1768 45.637 LR999926.1	4474933
1830 45.637 LR999926.1	4747207
1706 45.637 LR999926.1	3933827
1635 46.760 LR999926.1	3214619
1642 46.760 LR999926.1	3275928
1650 46.760 LR999926.1	3328687
1669 46.760 LR999926.1	3408113
1586 51.415 LR999926.1	2429272
1546 57.304 LR999926.1	1816309
1538 58.428 LR999926.1	1759152
1490 61.877 LR999926.1	1002177
1478 64.151 LR999926.1	579726
1466 65.274 LR999926.1	478455
1455 65.274 LR999926.1	376562
12718 0.000 LR999935.1	163744
12712 2.273 LR999935.1	159966
12750 4.546 LR999935.1	728169
12784 10.435 LR999935.1	1829657
12775 10.435 LR999935.1	1780227
12911 11.559 LR999935.1	2924585
12944 12.683 LR999935.1	3154110
12879 12.683 LR999935.1	2638952
12812 12.683 LR999935.1	2146663
12921 12.683 LR999935.1	2936477
13030 18.572 LR999935.1	4498692
13013 18.572 LR999935.1	4330171
13042 18.572 LR999935.1	4867495
13036 18.572 LR999935.1	4564738
13102 20.845 LR999935.1	5479489
13085 20.845 LR999935.1	5367988
13098 20.845 LR999935.1	5375078
13075 20.845 LR999935.1	5289059
13107 25.499 LR999935.1	5580969
13116 25.499 LR999935.1	5795401
13144 26.623 LR999935.1	6013624
13133 26.623 LR999935.1	5994628
13168 27.747 LR999935.1	6691931
13206 27.747 LR999935.1	6971101
13285 30.020 LR999935.1	7504609
13293 30.020 LR999935.1	7688170
13295 30.020 LR999935.1	7697446
13366 33.470 LR999935.1	8887437
13400 35.743 LR999935.1	9376886
13383 35.743 LR999935.1	9145013
13397 35.743 LR999935.1	9328225
13378 35.743 LR999935.1	9128723
13438 36.866 LR999935.1	9729162
13410 36.866 LR999935.1	9631449
13472 40.316 LR999935.1	10051866
13562 40.316 LR999935.1	10735992
13524 40.316 LR999935.1	10624091
13532 40.316 LR999935.1	10707226
13482 40.316 LR999935.1	10216516
13448 40.316 LR999935.1	9977037
13571 41.440 LR999935.1	10865100
13625 42.563 LR999935.1	11212527
13611 42.563 LR999935.1	11196087
13643 42.563 LR999935.1	11216063
13649 43.687 LR999935.1	11373013
13688 47.136 LR999935.1	12045991
13782 51.791 LR999935.1	12634601
13758 51.791 LR999935.1	12456706
13772 52.915 LR999935.1	12480907
13824 56.364 LR999935.1	13301033
13985 57.488 LR999935.1	14352501
13940 57.488 LR999935.1	14297759
13904 57.488 LR999935.1	14056270
14028 59.761 LR999935.1	14722053
14046 60.885 LR999935.1	14838632
16322 0.000 LR999938.1	91686
16366 1.124 LR999938.1	928074
16343 1.124 LR999938.1	315519
16443 3.397 LR999938.1	1994870
16482 8.051 LR999938.1	2349385
16480 8.051 LR999938.1	2349036
16471 8.051 LR999938.1	2296655
16509 9.175 LR999938.1	2798029
16621 11.448 LR999938.1	4033249
16634 12.572 LR999938.1	4177803
16671 13.695 LR999938.1	4373733
16678 13.695 LR999938.1	4407147
16721 13.695 LR999938.1	4910549
16669 13.695 LR999938.1	4310244
16818 14.819 LR999938.1	5924623
16769 14.819 LR999938.1	5277894
16808 14.819 LR999938.1	5841189
16758 14.819 LR999938.1	5016970
16858 15.943 LR999938.1	6538651
16866 15.943 LR999938.1	6627904
16886 17.066 LR999938.1	6683091
17094 24.221 LR999938.1	9612055
17086 24.221 LR999938.1	9589306
17015 24.221 LR999938.1	8933556
17109 24.221 LR999938.1	9736264
17104 24.221 LR999938.1	9614124
17073 24.221 LR999938.1	9484018
17008 24.221 LR999938.1	8861849
17000 24.221 LR999938.1	8671980
16980 24.221 LR999938.1	8564497
17060 24.221 LR999938.1	9483713
17367 25.345 LR999938.1	11662555
17259 25.345 LR999938.1	10648980
17138 25.345 LR999938.1	10045576
17337 25.345 LR999938.1	11558170
17234 25.345 LR999938.1	10478247
17330 25.345 LR999938.1	11126697
17404 25.345 LR999938.1	11940349
17379 25.345 LR999938.1	11670530
17412 25.345 LR999938.1	12083328
17265 25.345 LR999938.1	10666190
17299 25.345 LR999938.1	10685792
17244 25.345 LR999938.1	10520442
17156 25.345 LR999938.1	10103753
17249 25.345 LR999938.1	10555715
17196 26.469 LR999938.1	10352291
17426 29.918 LR999938.1	12341411
17439 32.191 LR999938.1	12692733
17488 32.191 LR999938.1	12974095
17471 32.191 LR999938.1	12886361
17518 33.315 LR999938.1	13477383
17530 33.315 LR999938.1	13509334
2888 0.000 LR999927.1	2645954
2932 3.450 LR999927.1	4853774
3006 4.573 LR999927.1	6062442
3058 4.573 LR999927.1	6392473
3047 4.573 LR999927.1	6279715
2999 4.573 LR999927.1	5974377
2962 4.573 LR999927.1	5461087
3053 4.573 LR999927.1	6383443
3012 4.573 LR999927.1	6066267
3031 4.573 LR999927.1	6248505
3145 6.846 LR999927.1	7263430
3188 6.846 LR999927.1	7603449
3167 6.846 LR999927.1	7477664
3259 9.120 LR999927.1	8361935
3247 9.120 LR999927.1	8349656
3286 9.120 LR999927.1	8491116
3244 9.120 LR999927.1	8250670
3414 11.393 LR999927.1	9402670
3330 11.393 LR999927.1	8738077
3321 11.393 LR999927.1	8727984
3351 11.393 LR999927.1	8933381
3369 11.393 LR999927.1	9120222
3328 11.393 LR999927.1	8737536
3373 11.393 LR999927.1	9143211
3295 11.393 LR999927.1	8632604
3382 11.393 LR999927.1	9172678
3306 11.393 LR999927.1	8695331
3311 11.393 LR999927.1	8727636
3423 12.516 LR999927.1	9594105
3534 12.516 LR999927.1	10079686
3437 12.516 LR999927.1	9685880
3418 12.516 LR999927.1	9574324
3516 12.516 LR999927.1	10074304
3426 12.516 LR999927.1	9594620
3504 12.516 LR999927.1	10068160
3483 12.516 LR999927.1	9845734
3490 12.516 LR999927.1	9962380
3547 13.640 LR999927.1	10318883
3614 14.764 LR999927.1	10789340
3631 14.764 LR999927.1	10796151
3602 14.764 LR999927.1	10686685
3634 14.764 LR999927.1	10888328
3696 17.037 LR999927.1	11840452
3669 17.037 LR999927.1	11645808
3722 22.926 LR999927.1	11982277
3737 22.926 LR999927.1	12047834
3744 22.926 LR999927.1	12062274
3794 24.049 LR999927.1	12907359
3763 24.049 LR999927.1	12653949
3778 24.049 LR999927.1	12852543
3820 27.499 LR999927.1	13340112
3832 28.623 LR999927.1	13409461
3846 28.623 LR999927.1	13456944
3862 29.746 LR999927.1	13513072
3958 35.636 LR999927.1	14495832
3886 36.759 LR999927.1	14183707
3909 37.883 LR999927.1	14316679
3951 37.883 LR999927.1	14462592
3930 37.883 LR999927.1	14434752
3969 37.883 LR999927.1	14685357
3976 39.006 LR999927.1	14852947
4013 39.006 LR999927.1	15263611
4075 41.280 LR999927.1	15598626
4054 42.403 LR999927.1	15375398
10426 0.000 LR999932.1	15354538
10359 2.273 LR999932.1	14207879
10386 2.273 LR999932.1	14411993
10364 2.273 LR999932.1	14248770
10347 3.397 LR999932.1	14197049
10329 8.051 LR999932.1	13778012
10337 8.051 LR999932.1	13891269
10046 15.206 LR999932.1	10629149
10107 15.206 LR999932.1	11390566
10168 15.206 LR999932.1	11784128
10028 15.206 LR999932.1	10562983
10118 15.206 LR999932.1	11432601
10103 15.206 LR999932.1	11116480
10083 15.206 LR999932.1	11046290
10209 15.206 LR999932.1	11951949
9946 16.330 LR999932.1	9554695
9903 17.454 LR999932.1	9072435
9900 17.454 LR999932.1	9072114
9914 17.454 LR999932.1	9303934
9851 17.454 LR999932.1	8215542
9932 17.454 LR999932.1	9373501
9857 17.454 LR999932.1	8464585
9708 18.577 LR999932.1	6181391
9793 18.577 LR999932.1	7234688
9705 18.577 LR999932.1	6082986
9805 18.577 LR999932.1	7591847
9739 18.577 LR999932.1	6255138
9615 19.701 LR999932.1	5165754
9597 19.701 LR999932.1	4607807
9673 19.701 LR999932.1	6007100
9640 19.701 LR999932.1	5668231
9626 20.825 LR999932.1	5371779
9440 29.278 LR999932.1	2955801
9498 29.278 LR999932.1	3599547
9483 29.278 LR999932.1	3447302
9376 41.844 LR999932.1	1820164
9362 42.968 LR999932.1	1724302
9316 42.968 LR999932.1	1465490
9298 46.417 LR999932.1	1288611
9263 46.417 LR999932.1	1140950
9245 47.541 LR999932.1	819637
