17635 0 0 LR999939.1	464201
17596 0 2 LR999939.1	230587
17605 0 2 LR999939.1	232308
17681 5 5 LR999939.1	1285890
17730 5 9 LR999939.1	2014582
17738 5 9 LR999939.1	2092122
17753 11 11 LR999939.1	2285357
17788 11 11 LR999939.1	2872167
17807 11 12 LR999939.1	2981135
17831 11 12 LR999939.1	3103639
17847 11 12 LR999939.1	3138386
17947 21 21 LR999939.1	4736223
17990 21 22 LR999939.1	5194313
17995 21 22 LR999939.1	5290936
18007 21 22 LR999939.1	5349525
18013 21 22 LR999939.1	5355302
18034 23 23 LR999939.1	5499813
18059 23 23 LR999939.1	5660990
18074 25 25 LR999939.1	5892834
18084 25 25 LR999939.1	5931329
18124 25 25 LR999939.1	6195616
18130 25 25 LR999939.1	6217177
18151 25 25 LR999939.1	6384615
18090 26 26 LR999939.1	5973038
18166 26 27 LR999939.1	6741699
18171 26 27 LR999939.1	6774271
18180 26 27 LR999939.1	6869265
18197 28 28 LR999939.1	7408475
18205 28 29 LR999939.1	7775826
18260 29 33 LR999939.1	8325150
18263 29 33 LR999939.1	8370254
18269 29 33 LR999939.1	8404135
18279 29 33 LR999939.1	8428231
18298 34 34 LR999939.1	8641958
18305 34 34 LR999939.1	8806890
18363 36 36 LR999939.1	9271507
18392 36 36 LR999939.1	9706121
18396 36 36 LR999939.1	9795225
18416 36 36 LR999939.1	9892839
18446 36 36 LR999939.1	10034563
18452 37 37 LR999939.1	10044345
18478 37 37 LR999939.1	10217238
18481 38 38 LR999939.1	10437365
18497 38 38 LR999939.1	10834848
18517 40 40 LR999939.1	10975250
18537 40 40 LR999939.1	11230003
18568 40 40 LR999939.1	11354722
18595 40 40 LR999939.1	11563181
18625 41 41 LR999939.1	11827255
18786 41 43 LR999939.1	13019442
18687 43 44 LR999939.1	12210580
18701 43 44 LR999939.1	12210939
18724 43 44 LR999939.1	12571320
18739 43 44 LR999939.1	12763226
18818 45 45 LR999939.1	13551761
11772 0 0 LR999933.1	14939763
11804 0 0 LR999933.1	15282533
11760 0 0 LR999933.1	14901127
11722 2 2 LR999933.1	14690925
11702 2 2 LR999933.1	14570320
11656 2 2 LR999933.1	14176216
11640 5 5 LR999933.1	14014102
11575 5 6 LR999933.1	13643067
11626 5 6 LR999933.1	13924908
11620 7 7 LR999933.1	13862885
11582 7 8 LR999933.1	13690072
11459 8 12 LR999933.1	12115599
11532 12 12 LR999933.1	12893627
11463 12 13 LR999933.1	12203681
11423 12 13 LR999933.1	11931877
11498 12 13 LR999933.1	12468529
11308 14 14 LR999933.1	11077481
11355 14 14 LR999933.1	11433558
11223 17 17 LR999933.1	10363414
11204 17 18 LR999933.1	10161905
11162 17 18 LR999933.1	9828699
11195 17 18 LR999933.1	10092765
11166 17 18 LR999933.1	9900238
11113 19 19 LR999933.1	9152311
11062 17 19 LR999933.1	8565853
11155 19 19 LR999933.1	9775747
11106 19 19 LR999933.1	9081513
11119 19 19 LR999933.1	9177077
11129 19 19 LR999933.1	9330541
11078 19 19 LR999933.1	8764909
11132 19 19 LR999933.1	9405140
11127 19 19 LR999933.1	9280792
11083 19 19 LR999933.1	8902100
11044 20 20 LR999933.1	8229456
11051 20 20 LR999933.1	8340916
10991 20 20 LR999933.1	7924457
10957 20 20 LR999933.1	7701782
10946 20 20 LR999933.1	7282517
10914 21 22 LR999933.1	7013520
10943 21 22 LR999933.1	7102622
10808 22 27 LR999933.1	5314198
10860 27 28 LR999933.1	5844571
10818 27 28 LR999933.1	5591334
10866 22 28 LR999933.1	5867386
10839 27 28 LR999933.1	5807627
10763 29 29 LR999933.1	5267013
10760 29 29 LR999933.1	5165732
10789 29 29 LR999933.1	5287831
10687 31 31 LR999933.1	4128722
10699 31 31 LR999933.1	4220209
10623 33 33 LR999933.1	3200770
10611 33 36 LR999933.1	2945714
10569 36 42 LR999933.1	2107276
10531 42 45 LR999933.1	1618929
10529 45 46 LR999933.1	1521807
10501 46 47 LR999933.1	1297164
10479 46 47 LR999933.1	1162765
10518 46 47 LR999933.1	1352907
10467 49 49 LR999933.1	780524
7955 0 0 LR999931.1	255019
7992 0 0 LR999931.1	592887
8031 2 2 LR999931.1	928089
8057 2 3 LR999931.1	1494465
8062 2 3 LR999931.1	1498776
8103 5 5 LR999931.1	2103473
8127 5 5 LR999931.1	2241203
8157 6 6 LR999931.1	2376428
8168 6 7 LR999931.1	2625059
8176 6 7 LR999931.1	2680487
8181 6 7 LR999931.1	2687309
8192 11 11 LR999931.1	2844843
8212 11 14 LR999931.1	3101306
8246 14 20 LR999931.1	3931951
8271 14 20 LR999931.1	4128472
8297 21 21 LR999931.1	4436590
8372 21 24 LR999931.1	5590785
8381 21 24 LR999931.1	5591103
8395 25 25 LR999931.1	5868432
8384 25 25 LR999931.1	5836869
8421 30 30 LR999931.1	6389391
8433 30 31 LR999931.1	6750007
8437 31 32 LR999931.1	7124324
8451 32 33 LR999931.1	7236043
8468 33 34 LR999931.1	7723351
8486 33 34 LR999931.1	7960423
8495 33 34 LR999931.1	8005818
8521 33 34 LR999931.1	8060012
8568 36 36 LR999931.1	8631342
8584 36 36 LR999931.1	8778198
8589 36 36 LR999931.1	8887937
8600 36 36 LR999931.1	9063010
8605 36 36 LR999931.1	9221319
8649 36 36 LR999931.1	9608818
8662 36 36 LR999931.1	9709037
8678 36 36 LR999931.1	9749556
8689 36 36 LR999931.1	9802726
8705 39 39 LR999931.1	10017695
8712 39 39 LR999931.1	10079687
8739 39 39 LR999931.1	10081902
8765 39 39 LR999931.1	10380899
8770 39 39 LR999931.1	10382575
8774 39 39 LR999931.1	10383551
8776 39 39 LR999931.1	10856431
8792 39 39 LR999931.1	11325365
8803 39 39 LR999931.1	11454148
8842 39 39 LR999931.1	12034923
8848 40 40 LR999931.1	12094012
8885 40 40 LR999931.1	12586650
8901 40 40 LR999931.1	12703224
8991 40 40 LR999931.1	13377343
9004 40 40 LR999931.1	13384294
9012 40 40 LR999931.1	13389228
9016 40 40 LR999931.1	13400299
9037 40 40 LR999931.1	13766981
9044 41 41 LR999931.1	13791594
9078 41 44 LR999931.1	13937175
9142 44 45 LR999931.1	14930331
9159 45 47 LR999931.1	15121152
9177 45 47 LR999931.1	15319055
9208 45 47 LR999931.1	15455197
20123 0 0 LR999942.1	186768
20160 0 1 LR999942.1	689086
20172 1 2 LR999942.1	736722
20185 1 2 LR999942.1	770416
20220 4 4 LR999942.1	1569149
20203 4 5 LR999942.1	1176583
20233 4 5 LR999942.1	1575388
20238 4 5 LR999942.1	1607430
20291 4 5 LR999942.1	1993372
20303 7 7 LR999942.1	2040903
20318 7 7 LR999942.1	2088763
20361 9 9 LR999942.1	2545641
20376 9 9 LR999942.1	2558278
20385 9 9 LR999942.1	2657454
20457 14 14 LR999942.1	4013314
20506 14 14 LR999942.1	4198079
20525 17 17 LR999942.1	4443313
20565 17 18 LR999942.1	4659683
20578 17 18 LR999942.1	4700634
20621 20 20 LR999942.1	5429006
20626 20 20 LR999942.1	5435453
20650 22 22 LR999942.1	5717044
20657 22 22 LR999942.1	5756899
20705 22 22 LR999942.1	6078012
20718 22 22 LR999942.1	6195886
20721 22 22 LR999942.1	6226934
20749 22 22 LR999942.1	6710899
20765 22 22 LR999942.1	6739879
20775 22 24 LR999942.1	6742846
20787 22 22 LR999942.1	6916265
20805 22 22 LR999942.1	7301838
20859 22 22 LR999942.1	7888252
20730 22 22 LR999942.1	6329969
20840 22 22 LR999942.1	7350936
20752 23 23 LR999942.1	6729508
20904 23 23 LR999942.1	8383443
20920 23 24 LR999942.1	8446544
20925 24 25 LR999942.1	8642987
20967 25 28 LR999942.1	8915693
21020 28 33 LR999942.1	10418587
21033 28 33 LR999942.1	10473472
21102 33 37 LR999942.1	11352976
21131 37 38 LR999942.1	11589175
21159 38 39 LR999942.1	12022684
21197 39 44 LR999942.1	12295320
21238 39 44 LR999942.1	12426977
21255 46 46 LR999942.1	13082640
5651 0 0 LR999929.1	2267820
5604 0 0 LR999929.1	1724330
5687 0 0 LR999929.1	2691315
5568 1 1 LR999929.1	1483984
5730 1 8 LR999929.1	3558008
5789 1 8 LR999929.1	4281615
5771 1 8 LR999929.1	4042432
5799 9 9 LR999929.1	4562662
5829 9 10 LR999929.1	4943596
5867 10 11 LR999929.1	5391467
5958 10 11 LR999929.1	6176080
5874 10 11 LR999929.1	5628498
5955 10 11 LR999929.1	6070203
5815 10 11 LR999929.1	4883569
5855 10 11 LR999929.1	5311433
5914 10 11 LR999929.1	5664567
5974 16 16 LR999929.1	6731765
6022 16 16 LR999929.1	7189653
6043 18 18 LR999929.1	7300078
6164 18 23 LR999929.1	9202145
6054 18 22 LR999929.1	7881714
6188 18 18 LR999929.1	9501293
6244 23 23 LR999929.1	9883920
6111 18 23 LR999929.1	8418705
6067 23 23 LR999929.1	8009630
6175 23 23 LR999929.1	9210504
6180 23 23 LR999929.1	9454141
6096 23 23 LR999929.1	8224960
6048 23 23 LR999929.1	7828865
6211 23 23 LR999929.1	9859071
6251 23 23 LR999929.1	9966066
6270 24 24 LR999929.1	10352604
6284 24 24 LR999929.1	10847460
6342 26 26 LR999929.1	11680085
6379 26 26 LR999929.1	11941944
6321 26 26 LR999929.1	11596863
6420 29 29 LR999929.1	12492202
6460 29 30 LR999929.1	13021958
6471 29 30 LR999929.1	13052610
6522 29 30 LR999929.1	13689502
6572 32 32 LR999929.1	14391634
6586 32 35 LR999929.1	14695438
6593 32 35 LR999929.1	14808084
6609 37 37 LR999929.1	15207224
15127 0 0 LR999937.1	109445
15146 0 0 LR999937.1	160449
15170 0 0 LR999937.1	277926
15205 0 0 LR999937.1	562878
15209 0 0 LR999937.1	599915
15240 1 1 LR999937.1	906756
15249 1 1 LR999937.1	922095
15257 4 4 LR999937.1	1018975
15295 4 4 LR999937.1	1153367
15316 4 4 LR999937.1	1872393
15354 9 9 LR999937.1	2686389
15366 9 12 LR999937.1	3124687
15375 9 12 LR999937.1	3168753
15390 13 13 LR999937.1	3408583
15430 13 16 LR999937.1	3970735
15460 13 16 LR999937.1	4240606
15473 13 16 LR999937.1	4286755
15522 13 16 LR999937.1	4620730
15499 17 17 LR999937.1	4319799
15597 17 21 LR999937.1	6464598
15613 17 21 LR999937.1	6542449
15621 17 21 LR999937.1	6655794
15638 17 21 LR999937.1	6668020
15651 22 22 LR999937.1	6945932
15665 22 22 LR999937.1	7180602
15687 24 24 LR999937.1	7368303
15694 24 24 LR999937.1	7441657
15702 24 24 LR999937.1	7585292
15714 25 25 LR999937.1	7681684
15718 25 28 LR999937.1	7728308
15744 28 30 LR999937.1	7927567
15751 28 30 LR999937.1	7977757
15823 31 31 LR999937.1	8520445
15868 31 32 LR999937.1	8621427
15900 31 32 LR999937.1	8783428
15901 31 32 LR999937.1	8829760
15937 31 32 LR999937.1	9694534
16013 33 33 LR999937.1	10099982
16025 33 33 LR999937.1	10180424
16045 33 33 LR999937.1	10330881
16051 33 33 LR999937.1	10373016
16074 33 33 LR999937.1	10830044
16078 33 33 LR999937.1	10831519
16112 33 33 LR999937.1	11030920
16121 33 33 LR999937.1	11218356
16139 33 33 LR999937.1	11605752
16106 34 34 LR999937.1	10999303
16163 34 35 LR999937.1	11950339
16169 35 35 LR999937.1	11951307
16171 35 35 LR999937.1	11951635
16225 44 44 LR999937.1	12913316
16244 44 45 LR999937.1	13194031
16260 44 45 LR999937.1	13242108
16290 46 46 LR999937.1	13744887
16294 46 49 LR999937.1	14126232
16314 49 50 LR999937.1	14482402
15090 0 0 LR999936.1	14373049
15108 0 1 LR999936.1	14677668
15051 1 6 LR999936.1	13719215
15034 1 6 LR999936.1	13656847
15026 7 7 LR999936.1	13283000
15032 7 7 LR999936.1	13289715
14975 8 8 LR999936.1	12708901
14968 1 1 LR999936.1	12649645
14926 8 9 LR999936.1	12445310
14960 8 9 LR999936.1	12625968
14919 8 9 LR999936.1	12376038
14902 12 12 LR999936.1	11926579
14901 12 12 LR999936.1	11898291
14855 16 16 LR999936.1	10865191
14838 16 18 LR999936.1	10724630
14833 18 19 LR999936.1	10483947
14781 19 20 LR999936.1	10203088
14785 19 20 LR999936.1	10214192
14706 21 21 LR999936.1	9306070
14670 21 23 LR999936.1	8797086
14648 23 25 LR999936.1	8661414
14632 25 26 LR999936.1	7806045
14606 26 27 LR999936.1	7421006
14597 27 30 LR999936.1	7357240
14566 27 30 LR999936.1	6773786
14569 27 30 LR999936.1	7126981
14468 34 34 LR999936.1	5419561
14535 34 34 LR999936.1	6438889
14448 34 34 LR999936.1	5227718
14370 37 37 LR999936.1	4570908
14399 37 37 LR999936.1	4745787
14347 38 38 LR999936.1	4363367
14304 38 39 LR999936.1	3500259
14288 38 39 LR999936.1	3303587
14246 40 40 LR999936.1	2974788
14270 40 40 LR999936.1	3129531
14219 40 40 LR999936.1	2510420
14242 40 40 LR999936.1	2858064
14229 40 40 LR999936.1	2694473
14224 40 40 LR999936.1	2535175
14154 42 42 LR999936.1	1323189
14165 42 42 LR999936.1	1528075
14190 42 42 LR999936.1	2073490
14178 42 42 LR999936.1	1720138
14124 42 42 LR999936.1	1142182
14107 46 46 LR999936.1	939277
14084 46 47 LR999936.1	744726
14073 46 47 LR999936.1	375640
14058 48 49 LR999936.1	85260
14069 48 49 LR999936.1	131458
21304 0 0 LR999943.1	412137
21340 0 1 LR999943.1	474946
21359 0 1 LR999943.1	644078
21369 0 1 LR999943.1	814721
21386 0 1 LR999943.1	941733
21399 0 1 LR999943.1	1021034
21405 0 1 LR999943.1	1029249
21412 0 1 LR999943.1	1299679
21664 8 9 LR999943.1	3272659
21647 8 9 LR999943.1	3245861
21665 8 9 LR999943.1	3798853
21698 11 11 LR999943.1	4129817
21725 11 11 LR999943.1	4320037
21741 11 11 LR999943.1	4362724
21764 11 11 LR999943.1	4363212
21774 11 11 LR999943.1	4470673
21793 12 12 LR999943.1	4787220
21803 12 12 LR999943.1	4908148
21829 12 12 LR999943.1	5394830
21823 13 13 LR999943.1	5340055
21840 13 13 LR999943.1	5708544
21888 17 17 LR999943.1	6683387
21897 17 17 LR999943.1	6822613
21903 17 17 LR999943.1	6968417
21919 19 19 LR999943.1	7273559
21925 19 19 LR999943.1	7322473
21930 19 19 LR999943.1	7342540
21952 22 22 LR999943.1	7541856
21971 22 23 LR999943.1	7797663
21980 22 23 LR999943.1	7813318
22031 22 23 LR999943.1	8229856
22037 22 23 LR999943.1	8279359
22049 22 23 LR999943.1	8343615
22103 25 25 LR999943.1	9012231
22137 25 26 LR999943.1	9086898
22141 26 28 LR999943.1	9350701
22216 28 30 LR999943.1	9865927
22229 28 30 LR999943.1	9893890
22252 28 30 LR999943.1	10497845
22295 30 31 LR999943.1	11397635
22323 31 32 LR999943.1	11566896
22347 32 33 LR999943.1	11792642
22361 33 34 LR999943.1	12339841
22416 34 42 LR999943.1	12936427
22445 42 43 LR999943.1	13149523
24430 0 0 LR999945.1	12762381
24393 0 1 LR999945.1	12611624
24388 0 1 LR999945.1	12439273
24309 2 2 LR999945.1	11364988
24363 2 2 LR999945.1	12071504
24294 4 4 LR999945.1	11311389
24267 4 5 LR999945.1	10914750
24275 4 5 LR999945.1	11013118
24285 4 5 LR999945.1	11084823
24281 4 5 LR999945.1	11071865
24264 6 6 LR999945.1	10731752
24145 6 9 LR999945.1	8896203
24221 6 9 LR999945.1	10434367
24195 6 9 LR999945.1	9978894
24113 13 13 LR999945.1	8311749
24088 13 13 LR999945.1	8019958
24063 14 14 LR999945.1	7304575
24072 14 14 LR999945.1	7304921
24053 15 15 LR999945.1	6970220
24052 13 13 LR999945.1	6969919
24000 16 16 LR999945.1	6402209
23928 16 20 LR999945.1	5755530
23893 16 20 LR999945.1	5454204
23899 16 20 LR999945.1	5727972
23872 22 22 LR999945.1	5343167
23820 22 22 LR999945.1	4519580
23845 22 22 LR999945.1	4694065
23837 22 22 LR999945.1	4631370
23806 23 23 LR999945.1	4425613
23789 23 26 LR999945.1	4318512
23716 23 26 LR999945.1	3683675
23740 27 27 LR999945.1	3981462
23750 27 27 LR999945.1	4050465
23758 27 27 LR999945.1	4083848
23737 29 29 LR999945.1	3965734
23547 29 40 LR999945.1	1971432
23572 40 41 LR999945.1	2170300
23581 40 41 LR999945.1	2307908
23579 40 41 LR999945.1	2173228
23529 43 43 LR999945.1	1613226
23502 43 43 LR999945.1	1468061
23473 43 43 LR999945.1	1248493
23476 43 43 LR999945.1	1279704
23516 43 43 LR999945.1	1593521
23420 47 47 LR999945.1	490781
23409 47 48 LR999945.1	402949
23393 48 50 LR999945.1	400537
5364 0 0 LR999928.1	15101308
5449 0 0 LR999928.1	15549503
5381 0 0 LR999928.1	15276761
5426 0 0 LR999928.1	15387865
5404 0 0 LR999928.1	15326288
5475 0 0 LR999928.1	15577702
5348 2 2 LR999928.1	14580980
5323 2 3 LR999928.1	14362024
5193 2 3 LR999928.1	13402586
5237 2 3 LR999928.1	13940154
5201 2 3 LR999928.1	13423813
5282 2 3 LR999928.1	14061924
5359 4 4 LR999928.1	14641826
5170 4 4 LR999928.1	13148540
5164 6 6 LR999928.1	13079313
5121 6 9 LR999928.1	12543920
5108 9 17 LR999928.1	11993083
5096 9 17 LR999928.1	11879659
5102 9 17 LR999928.1	11919571
5085 9 17 LR999928.1	11565610
5064 19 19 LR999928.1	11386490
5067 19 20 LR999928.1	11434246
5033 20 21 LR999928.1	10804386
5013 20 21 LR999928.1	10665294
4990 22 22 LR999928.1	10282294
4987 22 22 LR999928.1	10278600
4963 23 23 LR999928.1	9862852
4967 23 23 LR999928.1	9926668
4907 25 25 LR999928.1	9217269
4937 25 25 LR999928.1	9435860
4912 25 25 LR999928.1	9348069
4763 26 26 LR999928.1	7440331
4847 26 26 LR999928.1	8017196
4876 26 26 LR999928.1	8271934
4886 26 26 LR999928.1	8436153
4825 26 26 LR999928.1	8009812
4760 27 27 LR999928.1	7364280
4733 27 27 LR999928.1	7329546
4620 28 28 LR999928.1	6040718
4699 28 28 LR999928.1	6948166
4684 28 28 LR999928.1	6383125
4707 28 28 LR999928.1	6948708
4665 28 28 LR999928.1	6274479
4635 28 28 LR999928.1	6115606
4513 31 31 LR999928.1	4822015
4499 31 31 LR999928.1	4606992
4506 31 31 LR999928.1	4812557
4563 31 31 LR999928.1	5206015
4531 31 31 LR999928.1	4839172
4487 35 35 LR999928.1	4268382
4478 35 36 LR999928.1	3735592
4476 36 39 LR999928.1	3324204
4404 36 39 LR999928.1	2745238
4441 36 39 LR999928.1	2882862
4448 36 39 LR999928.1	2953237
4372 36 39 LR999928.1	2610441
4422 36 39 LR999928.1	2759133
4332 41 41 LR999928.1	2329050
4278 41 41 LR999928.1	2052306
4272 43 43 LR999928.1	1940232
4249 43 43 LR999928.1	1532567
4234 44 44 LR999928.1	1412605
4102 44 44 LR999928.1	136249
4110 44 44 LR999928.1	155966
4150 44 44 LR999928.1	657979
4230 44 44 LR999928.1	1335016
4168 44 44 LR999928.1	824627
4215 45 45 LR999928.1	1299772
4121 45 45 LR999928.1	156526
4147 45 45 LR999928.1	626150
4192 47 47 LR999928.1	1150546
22537 0 0 LR999944.1	2793268
22564 0 0 LR999944.1	3227948
22660 3 3 LR999944.1	4436657
22629 3 3 LR999944.1	3919099
22707 5 5 LR999944.1	5522474
22723 5 6 LR999944.1	5666136
22732 6 7 LR999944.1	5894513
22833 7 10 LR999944.1	7537987
22900 7 10 LR999944.1	7921449
22855 7 10 LR999944.1	7667446
22794 7 10 LR999944.1	7322595
22896 7 10 LR999944.1	7894030
22812 7 10 LR999944.1	7395391
22906 7 10 LR999944.1	7943880
22920 11 11 LR999944.1	8120148
22928 11 11 LR999944.1	8122315
23008 18 18 LR999944.1	8983270
23050 18 19 LR999944.1	9144082
23028 19 20 LR999944.1	9135365
23001 19 20 LR999944.1	8925606
23174 24 24 LR999944.1	9788658
23181 24 24 LR999944.1	9872987
23185 24 24 LR999944.1	9935423
23140 24 24 LR999944.1	9783241
23200 25 25 LR999944.1	10054763
23250 25 28 LR999944.1	10985596
23282 28 30 LR999944.1	11401675
23317 30 32 LR999944.1	11952428
23332 32 36 LR999944.1	12408323
23326 32 36 LR999944.1	12262895
23347 36 36 LR999944.1	12604840
7944 0 0 LR999930.1	15553020
7908 0 1 LR999930.1	14933867
7856 0 1 LR999930.1	14544287
7887 0 1 LR999930.1	14679467
7917 0 1 LR999930.1	15107906
7735 7 7 LR999930.1	13447158
7713 7 7 LR999930.1	13338746
7768 7 7 LR999930.1	13477181
7778 7 7 LR999930.1	13622834
7643 15 15 LR999930.1	12388321
7589 15 18 LR999930.1	11825624
7622 15 18 LR999930.1	12253086
7426 24 24 LR999930.1	10577906
7483 24 24 LR999930.1	11144988
7438 24 24 LR999930.1	10614924
7399 31 31 LR999930.1	9415697
7387 31 31 LR999930.1	9355225
7321 34 34 LR999930.1	9053536
7289 34 34 LR999930.1	8571588
7278 34 34 LR999930.1	8520926
7234 37 37 LR999930.1	7368942
7204 37 38 LR999930.1	7169410
7144 38 39 LR999930.1	6727573
7157 39 40 LR999930.1	6798912
7062 40 41 LR999930.1	6086096
7039 40 41 LR999930.1	5904818
7046 40 41 LR999930.1	6052765
6971 40 41 LR999930.1	4851982
7103 40 41 LR999930.1	6237316
7007 40 41 LR999930.1	5643974
6916 43 43 LR999930.1	3877751
6841 43 45 LR999930.1	2861402
6863 43 45 LR999930.1	3201250
6815 46 46 LR999930.1	2221413
6818 46 46 LR999930.1	2278884
6836 46 46 LR999930.1	2623445
6816 46 46 LR999930.1	2221713
6804 47 47 LR999930.1	1805725
6771 47 47 LR999930.1	1440933
6673 48 49 LR999930.1	133308
6682 48 49 LR999930.1	173067
6762 48 49 LR999930.1	1183461
6741 48 49 LR999930.1	781880
6701 48 49 LR999930.1	298609
6726 49 49 LR999930.1	571443
28484 0 0 LR999950.1	9854050
28470 0 1 LR999950.1	9515955
28455 0 1 LR999950.1	9290400
28397 2 2 LR999950.1	8707854
28443 2 2 LR999950.1	9205097
28373 2 2 LR999950.1	8604652
28448 2 2 LR999950.1	9228001
28409 3 3 LR999950.1	8977687
28425 3 3 LR999950.1	9027067
28345 7 7 LR999950.1	7881357
28299 7 9 LR999950.1	7401498
28273 7 9 LR999950.1	7368085
28318 7 9 LR999950.1	7438847
28259 10 10 LR999950.1	7142039
28267 10 10 LR999950.1	7250141
28201 14 14 LR999950.1	6913257
28153 14 18 LR999950.1	6432427
28142 14 18 LR999950.1	6345241
28067 20 20 LR999950.1	5536430
28032 20 21 LR999950.1	4894351
28050 20 21 LR999950.1	5258251
27974 22 22 LR999950.1	4654161
27936 22 25 LR999950.1	4234672
27898 22 25 LR999950.1	3837268
27962 26 26 LR999950.1	4338942
27887 26 31 LR999950.1	3765942
27882 26 31 LR999950.1	3754748
27881 31 31 LR999950.1	3754422
27854 32 32 LR999950.1	3591597
27793 32 34 LR999950.1	2813946
27838 32 34 LR999950.1	3315239
27800 32 34 LR999950.1	2888148
27851 32 34 LR999950.1	3365273
27740 39 39 LR999950.1	2193180
27759 39 39 LR999950.1	2360914
27690 40 40 LR999950.1	1970930
27669 40 41 LR999950.1	1579421
27659 41 45 LR999950.1	1288591
27640 45 47 LR999950.1	438916
27627 47 47 LR999950.1	216038
27650 47 47 LR999950.1	494564
24453 0 0 LR999946.1	345845
24476 0 0 LR999946.1	481111
24462 1 1 LR999946.1	470152
24503 1 4 LR999946.1	1281504
24510 1 4 LR999946.1	1441480
24571 10 10 LR999946.1	2640513
24589 10 13 LR999946.1	3472204
24649 13 20 LR999946.1	4030132
24667 20 23 LR999946.1	4446895
24704 23 25 LR999946.1	5018689
24710 25 26 LR999946.1	5185796
24723 25 26 LR999946.1	5397946
24731 27 27 LR999946.1	5502712
24783 27 30 LR999946.1	6224720
24768 27 30 LR999946.1	6224202
24794 31 31 LR999946.1	6466548
24805 31 31 LR999946.1	6474228
24878 31 31 LR999946.1	7384977
24929 31 31 LR999946.1	7915175
24944 31 31 LR999946.1	8106053
24846 32 32 LR999946.1	6878028
24974 32 32 LR999946.1	8411966
24996 32 32 LR999946.1	8498118
24970 32 32 LR999946.1	8402390
25023 33 33 LR999946.1	8918164
25031 33 34 LR999946.1	9017302
25051 33 34 LR999946.1	9131947
25054 33 34 LR999946.1	9175319
25088 33 34 LR999946.1	9292832
25098 35 35 LR999946.1	9359398
25137 35 35 LR999946.1	9652662
25245 45 45 LR999946.1	11746948
25352 45 46 LR999946.1	12451368
25430 0 0 LR999947.1	929103
25435 0 0 LR999947.1	1053154
25446 1 1 LR999947.1	1282465
25461 1 1 LR999947.1	1315638
25522 9 9 LR999947.1	2305041
25558 9 11 LR999947.1	2871269
25576 9 11 LR999947.1	2994940
25595 13 13 LR999947.1	3644804
25609 13 13 LR999947.1	3862461
25618 14 14 LR999947.1	3979804
25632 14 15 LR999947.1	4196320
25668 14 15 LR999947.1	4612287
25702 16 16 LR999947.1	5232780
25728 16 17 LR999947.1	5829066
25762 17 25 LR999947.1	6584999
25775 25 26 LR999947.1	6718906
25807 26 28 LR999947.1	7090698
25841 26 28 LR999947.1	7554262
25858 26 28 LR999947.1	7795319
25902 29 29 LR999947.1	8050946
25957 29 33 LR999947.1	8883478
26070 33 37 LR999947.1	10267793
26104 37 38 LR999947.1	10733872
26179 38 42 LR999947.1	11612360
26314 0 0 LR999948.1	1511977
26369 0 7 LR999948.1	2674588
26441 7 10 LR999948.1	3255118
26451 7 10 LR999948.1	3408269
26497 13 13 LR999948.1	3986110
26526 13 13 LR999948.1	4110927
26545 13 13 LR999948.1	4304085
26557 13 13 LR999948.1	4403515
26570 13 13 LR999948.1	4640026
26589 15 15 LR999948.1	4933707
26633 15 20 LR999948.1	5872303
26638 20 21 LR999948.1	6015306
26659 21 22 LR999948.1	6614868
26680 22 23 LR999948.1	6823836
26699 22 23 LR999948.1	6825686
26850 25 25 LR999948.1	8689953
26728 25 27 LR999948.1	7346258
26761 25 27 LR999948.1	7686305
26773 25 27 LR999948.1	8117626
26818 25 27 LR999948.1	8648665
26902 33 33 LR999948.1	9842346
26928 33 39 LR999948.1	10438257
12632 0 0 LR999934.1	14042894
12601 0 2 LR999934.1	13553415
12540 2 5 LR999934.1	12319356
12459 5 6 LR999934.1	11394702
12482 5 6 LR999934.1	11875681
12492 5 6 LR999934.1	11923881
12441 5 6 LR999934.1	11207994
12500 2 6 LR999934.1	12026138
12411 11 11 LR999934.1	10455092
12370 11 11 LR999934.1	10171675
12342 12 12 LR999934.1	10047567
12393 12 12 LR999934.1	10329245
12302 15 15 LR999934.1	9382992
12313 15 15 LR999934.1	9654471
12285 16 16 LR999934.1	9216588
12253 16 17 LR999934.1	8355495
12195 17 20 LR999934.1	7794756
12150 20 21 LR999934.1	7290445
12176 20 21 LR999934.1	7324123
12063 30 30 LR999934.1	5931088
12020 30 30 LR999934.1	5797291
11972 31 31 LR999934.1	2909051
11871 31 38 LR999934.1	1476095
11847 38 42 LR999934.1	627216
11830 42 44 LR999934.1	278007
11811 44 46 LR999934.1	14446
28537 0 0 LR999951.1	515918
28518 0 1 LR999951.1	443573
28558 0 1 LR999951.1	883940
28570 5 5 LR999951.1	1299997
28602 5 6 LR999951.1	1453115
28621 6 10 LR999951.1	1866452
28629 6 10 LR999951.1	1940816
28652 6 10 LR999951.1	2073472
28699 11 11 LR999951.1	2648539
28724 11 11 LR999951.1	2755568
28736 12 12 LR999951.1	2807139
28775 12 17 LR999951.1	3331261
28809 17 18 LR999951.1	3908254
28839 17 18 LR999951.1	4147146
28886 21 21 LR999951.1	4392201
28889 21 21 LR999951.1	4518109
28893 24 24 LR999951.1	4653555
29148 24 39 LR999951.1	8158972
29100 39 40 LR999951.1	7939388
29119 40 40 LR999951.1	8038121
29124 40 40 LR999951.1	8105480
29207 42 42 LR999951.1	9036381
29233 42 44 LR999951.1	9709145
31639 0 0 LR999924.1	16496963
31653 0 0 LR999924.1	16942312
31636 1 1 LR999924.1	16341255
31627 1 1 LR999924.1	16210768
31610 1 1 LR999924.1	15951777
31623 1 1 LR999924.1	16051188
31618 2 2 LR999924.1	16014197
31572 2 5 LR999924.1	14250829
31558 5 6 LR999924.1	13849108
31503 6 7 LR999924.1	12998573
31518 6 7 LR999924.1	13151566
31521 6 7 LR999924.1	13157796
31514 6 7 LR999924.1	13124031
31508 6 7 LR999924.1	13121102
31526 6 7 LR999924.1	13302247
31463 8 8 LR999924.1	12542911
31497 8 8 LR999924.1	12927638
31488 8 8 LR999924.1	12764339
31458 8 8 LR999924.1	12536587
31478 8 8 LR999924.1	12558173
31442 9 9 LR999924.1	12174530
31435 9 9 LR999924.1	12107611
31395 10 10 LR999924.1	11458023
31350 10 11 LR999924.1	10349746
31364 10 11 LR999924.1	10948231
31354 10 11 LR999924.1	10690222
31339 12 12 LR999924.1	10204502
31322 12 12 LR999924.1	9955418
31312 12 12 LR999924.1	9730780
31300 13 13 LR999924.1	9405925
31284 13 14 LR999924.1	9016444
31292 13 14 LR999924.1	9080263
31296 13 14 LR999924.1	9212157
31280 13 14 LR999924.1	8931014
31275 13 14 LR999924.1	8877484
31306 13 14 LR999924.1	9537289
31258 15 15 LR999924.1	8522287
31253 15 15 LR999924.1	8521728
31269 15 15 LR999924.1	8825030
31208 16 16 LR999924.1	8462188
31188 16 17 LR999924.1	7885203
31183 16 17 LR999924.1	7792601
31127 18 18 LR999924.1	6958456
31143 18 18 LR999924.1	7128928
31169 18 18 LR999924.1	7471337
31172 18 18 LR999924.1	7539520
31136 18 18 LR999924.1	7077811
31160 18 18 LR999924.1	7438933
31058 20 20 LR999924.1	6257108
31104 20 20 LR999924.1	6777292
31064 20 20 LR999924.1	6378354
31024 20 20 LR999924.1	5710951
31047 20 20 LR999924.1	6151034
31039 20 20 LR999924.1	5869286
31082 20 20 LR999924.1	6765789
31014 22 22 LR999924.1	5290447
31009 22 22 LR999924.1	5288565
30886 28 28 LR999924.1	3516889
30939 28 29 LR999924.1	4133314
30869 28 29 LR999924.1	3376611
30991 28 29 LR999924.1	4702483
31006 28 29 LR999924.1	4710946
30857 28 29 LR999924.1	3149285
30980 28 29 LR999924.1	4678283
30969 28 29 LR999924.1	4384763
30903 28 29 LR999924.1	3695543
30852 31 31 LR999924.1	3066341
30778 31 36 LR999924.1	1957469
30825 31 36 LR999924.1	2449320
30829 31 36 LR999924.1	2544255
30836 31 36 LR999924.1	2643022
30834 31 36 LR999924.1	2568399
30841 31 36 LR999924.1	2683873
30764 31 36 LR999924.1	1759480
30782 31 36 LR999924.1	2038850
30758 37 37 LR999924.1	1535701
30737 37 37 LR999924.1	1413489
30620 38 38 LR999924.1	377125
30623 38 38 LR999924.1	406335
30667 38 38 LR999924.1	943192
30670 39 39 LR999924.1	1025807
30714 37 37 LR999924.1	1368699
30655 39 39 LR999924.1	860158
30707 40 40 LR999924.1	1355885
26976 0 0 LR999949.1	640727
27024 0 1 LR999949.1	1075423
27095 1 5 LR999949.1	2098998
27138 5 6 LR999949.1	2497930
27159 6 7 LR999949.1	2843240
27186 7 8 LR999949.1	2896549
27224 7 8 LR999949.1	3551026
27286 14 14 LR999949.1	4915596
27317 14 14 LR999949.1	5283888
27314 14 14 LR999949.1	5233578
27340 17 17 LR999949.1	5760167
27327 17 17 LR999949.1	5487488
27347 19 19 LR999949.1	6175835
27364 19 19 LR999949.1	6393758
27426 22 22 LR999949.1	7502966
29256 0 0 LR999952.1	361269
29265 0 0 LR999952.1	407813
29290 13 13 LR999952.1	1294468
29303 13 13 LR999952.1	1387410
29331 16 17 LR999952.1	2189444
29352 16 17 LR999952.1	2349169
29390 17 19 LR999952.1	2865377
29377 19 20 LR999952.1	2602076
29410 20 21 LR999952.1	3094553
29415 21 22 LR999952.1	3120905
29416 21 22 LR999952.1	3121242
29375 24 24 LR999952.1	2601579
29429 24 28 LR999952.1	3509969
29432 28 29 LR999952.1	3603466
29446 29 31 LR999952.1	3777361
29452 29 31 LR999952.1	3796065
29456 29 31 LR999952.1	3810278
29462 29 31 LR999952.1	3868915
29486 33 33 LR999952.1	4361213
29497 33 33 LR999952.1	4362398
29522 33 33 LR999952.1	4806918
29543 33 33 LR999952.1	4909367
29525 34 34 LR999952.1	4893474
29580 34 34 LR999952.1	5297199
29597 34 34 LR999952.1	5437243
29646 35 35 LR999952.1	6366982
29652 35 38 LR999952.1	7097082
29660 35 38 LR999952.1	7243877
29667 35 38 LR999952.1	7289368
30334 0 0 LR999954.1	6926423
30317 0 2 LR999954.1	6110037
30312 2 5 LR999954.1	5969594
30301 5 7 LR999954.1	5913552
30291 7 11 LR999954.1	5430205
30247 11 15 LR999954.1	4583210
30216 15 19 LR999954.1	3635321
30221 19 22 LR999954.1	3766609
30204 22 23 LR999954.1	3309180
30139 23 29 LR999954.1	2584964
30116 29 33 LR999954.1	1862894
30082 33 42 LR999954.1	633864
18983 0 0 LR999941.1	1421626
19004 0 0 LR999941.1	1520299
19025 6 6 LR999941.1	1924791
19055 6 7 LR999941.1	2479738
19033 6 7 LR999941.1	1993216
19061 8 8 LR999941.1	2741628
19095 8 12 LR999941.1	3177551
19122 12 13 LR999941.1	3531492
19111 12 13 LR999941.1	3407720
19115 12 13 LR999941.1	3509877
19126 12 13 LR999941.1	3544368
19230 15 15 LR999941.1	4347861
19231 15 15 LR999941.1	4362789
19225 15 15 LR999941.1	4025452
19281 24 24 LR999941.1	5245793
19263 24 24 LR999941.1	5090330
19321 25 25 LR999941.1	5775495
19360 25 25 LR999941.1	5942645
19339 25 25 LR999941.1	5805620
19333 25 25 LR999941.1	5793504
19437 26 26 LR999941.1	6426672
19457 26 28 LR999941.1	7284254
19448 26 28 LR999941.1	7209785
19391 30 30 LR999941.1	6077050
19604 30 32 LR999941.1	8602096
19479 30 32 LR999941.1	7517105
19536 30 32 LR999941.1	7914361
19517 30 32 LR999941.1	7815178
19690 34 35 LR999941.1	9199697
19653 34 35 LR999941.1	9135255
19695 34 35 LR999941.1	9280721
19711 34 35 LR999941.1	9498691
19771 34 35 LR999941.1	10242759
19748 35 35 LR999941.1	9788115
19790 35 37 LR999941.1	10710200
19882 37 38 LR999941.1	11469704
19932 38 41 LR999941.1	11932305
19922 38 41 LR999941.1	11784491
19996 42 42 LR999941.1	12619774
20015 42 42 LR999941.1	12630489
20033 42 42 LR999941.1	13023628
20088 44 44 LR999941.1	13682505
29712 0 0 LR999953.1	162193
29734 0 2 LR999953.1	750231
29797 2 9 LR999953.1	1900921
29827 9 12 LR999953.1	2409680
29869 12 15 LR999953.1	3749805
29899 15 15 LR999953.1	5377506
29913 15 17 LR999953.1	5472090
29922 15 17 LR999953.1	5472571
29964 20 20 LR999953.1	5970445
29972 20 20 LR999953.1	6058644
29980 20 20 LR999953.1	6065705
30610 0 0 LR999955.1	5583184
30597 0 0 LR999955.1	5580889
30576 0 0 LR999955.1	5307497
30549 5 12 LR999955.1	3942043
30560 5 12 LR999955.1	4120853
30487 16 16 LR999955.1	2626166
30493 16 16 LR999955.1	2775623
30415 17 17 LR999955.1	1937925
30531 17 19 LR999955.1	3380032
30442 22 22 LR999955.1	2321324
30354 22 36 LR999955.1	611364
30367 36 49 LR999955.1	856787
2 0 0 LR999925.1	528242
16 0 3 LR999925.1	895336
14 0 3 LR999925.1	642951
51 5 5 LR999925.1	1347737
91 5 8 LR999925.1	2154642
83 5 8 LR999925.1	2147235
105 9 9 LR999925.1	2257891
113 9 9 LR999925.1	2339583
97 9 9 LR999925.1	2251350
170 13 13 LR999925.1	2818129
180 13 13 LR999925.1	2834229
146 13 13 LR999925.1	2759549
208 13 13 LR999925.1	3118526
244 15 15 LR999925.1	3194013
271 15 15 LR999925.1	3569231
312 18 18 LR999925.1	4193449
354 18 19 LR999925.1	4462433
367 19 21 LR999925.1	4567004
399 21 22 LR999925.1	4712674
396 21 22 LR999925.1	4712335
447 23 23 LR999925.1	5092232
432 23 23 LR999925.1	5091903
471 25 25 LR999925.1	5554423
494 25 25 LR999925.1	5631789
502 25 25 LR999925.1	5639709
455 25 25 LR999925.1	5274659
507 25 25 LR999925.1	5845669
581 27 27 LR999925.1	6679637
569 27 27 LR999925.1	6330383
608 27 27 LR999925.1	6912969
631 28 28 LR999925.1	7448948
573 27 28 LR999925.1	6414107
682 29 29 LR999925.1	7789731
694 29 29 LR999925.1	7860151
777 30 30 LR999925.1	8651064
791 30 30 LR999925.1	8912689
702 30 30 LR999925.1	7880966
719 30 30 LR999925.1	8328942
715 30 30 LR999925.1	8301811
763 30 30 LR999925.1	8590746
834 31 31 LR999925.1	9093532
800 31 31 LR999925.1	9016910
826 31 31 LR999925.1	9085483
844 31 31 LR999925.1	9143521
876 32 32 LR999925.1	9775168
958 32 36 LR999925.1	10879049
1006 32 36 LR999925.1	11738335
911 32 36 LR999925.1	10527241
979 32 36 LR999925.1	11156113
922 32 36 LR999925.1	10549055
1022 38 38 LR999925.1	12104853
1073 38 40 LR999925.1	12549769
1125 40 42 LR999925.1	13050770
1107 40 42 LR999925.1	12951177
1082 40 42 LR999925.1	12780356
1086 40 42 LR999925.1	12872182
1157 43 43 LR999925.1	13274715
1176 43 44 LR999925.1	13424974
1230 43 44 LR999925.1	14229132
1203 43 44 LR999925.1	13713500
1353 45 45 LR999925.1	15927379
1246 45 45 LR999925.1	14670857
1316 45 45 LR999925.1	15319814
1300 45 45 LR999925.1	15187749
1272 45 45 LR999925.1	14964968
1380 45 45 LR999925.1	16164213
1311 45 45 LR999925.1	15188320
1237 47 47 LR999925.1	14633994
2568 0 0 LR999926.1	14473134
2758 0 2 LR999926.1	16328516
2622 0 2 LR999926.1	15348067
2531 0 2 LR999926.1	14106430
2665 0 2 LR999926.1	15440800
2742 0 2 LR999926.1	16238767
2729 0 2 LR999926.1	16051874
2545 0 2 LR999926.1	14389488
2518 4 4 LR999926.1	14002745
2453 4 6 LR999926.1	12895363
2480 4 6 LR999926.1	13404148
2423 11 11 LR999926.1	12537412
2320 11 16 LR999926.1	11187589
2370 11 15 LR999926.1	11566624
2283 11 15 LR999926.1	11042566
2332 16 16 LR999926.1	11211316
2294 16 16 LR999926.1	11101142
2359 16 16 LR999926.1	11311708
2250 16 16 LR999926.1	10757498
2366 16 16 LR999926.1	11383882
2264 17 17 LR999926.1	10936399
2272 17 17 LR999926.1	10970169
2215 26 26 LR999926.1	9912892
2197 26 26 LR999926.1	9814138
2184 26 26 LR999926.1	9516496
2181 27 27 LR999926.1	9165392
2169 27 29 LR999926.1	8959378
2086 29 32 LR999926.1	7824567
2022 29 32 LR999926.1	7299306
2004 29 32 LR999926.1	6695896
2013 29 32 LR999926.1	7185024
2047 29 32 LR999926.1	7472990
2066 29 32 LR999926.1	7749656
2044 29 32 LR999926.1	7457584
2060 29 32 LR999926.1	7569222
1982 35 35 LR999926.1	6420474
1936 35 36 LR999926.1	5856269
1918 35 36 LR999926.1	5767318
1898 35 36 LR999926.1	5722184
1964 35 36 LR999926.1	6164170
1752 39 39 LR999926.1	4397042
1736 39 39 LR999926.1	4277599
1799 39 39 LR999926.1	4689790
1741 39 39 LR999926.1	4379652
1699 39 39 LR999926.1	3827713
1764 39 39 LR999926.1	4474591
1768 39 39 LR999926.1	4474933
1830 39 39 LR999926.1	4747207
1706 39 39 LR999926.1	3933827
1635 40 40 LR999926.1	3214619
1642 40 40 LR999926.1	3275928
1650 40 40 LR999926.1	3328687
1669 40 40 LR999926.1	3408113
1586 44 44 LR999926.1	2429272
1546 44 49 LR999926.1	1816309
1538 49 50 LR999926.1	1759152
1490 50 53 LR999926.1	1002177
1478 53 55 LR999926.1	579726
1466 55 56 LR999926.1	478455
1455 55 56 LR999926.1	376562
12718 0 0 LR999935.1	163744
12712 0 2 LR999935.1	159966
12750 2 4 LR999935.1	728169
12784 4 9 LR999935.1	1829657
12775 4 9 LR999935.1	1780227
12911 10 10 LR999935.1	2924585
12944 10 11 LR999935.1	3154110
12879 10 11 LR999935.1	2638952
12812 10 11 LR999935.1	2146663
12921 10 11 LR999935.1	2936477
13030 16 16 LR999935.1	4498692
13013 16 16 LR999935.1	4330171
13042 16 16 LR999935.1	4867495
13036 16 16 LR999935.1	4564738
13102 18 18 LR999935.1	5479489
13085 18 18 LR999935.1	5367988
13098 18 18 LR999935.1	5375078
13075 18 18 LR999935.1	5289059
13107 22 22 LR999935.1	5580969
13116 22 22 LR999935.1	5795401
13144 23 23 LR999935.1	6013624
13133 23 23 LR999935.1	5994628
13168 24 24 LR999935.1	6691931
13206 24 24 LR999935.1	6971101
13285 26 26 LR999935.1	7504609
13293 26 26 LR999935.1	7688170
13295 26 26 LR999935.1	7697446
13366 29 29 LR999935.1	8887437
13400 29 31 LR999935.1	9376886
13383 29 31 LR999935.1	9145013
13397 29 31 LR999935.1	9328225
13378 29 31 LR999935.1	9128723
13438 32 32 LR999935.1	9729162
13410 32 32 LR999935.1	9631449
13472 35 35 LR999935.1	10051866
13562 35 35 LR999935.1	10735992
13524 35 35 LR999935.1	10624091
13532 35 35 LR999935.1	10707226
13482 35 35 LR999935.1	10216516
13448 35 35 LR999935.1	9977037
13571 36 36 LR999935.1	10865100
13625 36 37 LR999935.1	11212527
13611 36 37 LR999935.1	11196087
13643 36 37 LR999935.1	11216063
13649 38 38 LR999935.1	11373013
13688 38 41 LR999935.1	12045991
13782 41 45 LR999935.1	12634601
13758 41 45 LR999935.1	12456706
13772 46 46 LR999935.1	12480907
13824 46 50 LR999935.1	13301033
13985 46 50 LR999935.1	14352501
13940 46 50 LR999935.1	14297759
13904 46 50 LR999935.1	14056270
14028 52 52 LR999935.1	14722053
14046 52 53 LR999935.1	14838632
16322 0 0 LR999938.1	91686
16366 0 1 LR999938.1	928074
16343 0 1 LR999938.1	315519
16443 3 3 LR999938.1	1994870
16482 3 7 LR999938.1	2349385
16480 3 7 LR999938.1	2349036
16471 3 7 LR999938.1	2296655
16509 8 8 LR999938.1	2798029
16621 8 10 LR999938.1	4033249
16634 10 11 LR999938.1	4177803
16671 11 11 LR999938.1	4373733
16678 11 12 LR999938.1	4407147
16721 11 12 LR999938.1	4910549
16669 11 12 LR999938.1	4310244
16818 13 13 LR999938.1	5924623
16769 13 13 LR999938.1	5277894
16808 13 13 LR999938.1	5841189
16758 13 13 LR999938.1	5016970
16858 14 14 LR999938.1	6538651
16866 14 14 LR999938.1	6627904
16886 15 15 LR999938.1	6683091
17094 15 21 LR999938.1	9612055
17086 15 21 LR999938.1	9589306
17015 15 21 LR999938.1	8933556
17109 15 21 LR999938.1	9736264
17104 15 21 LR999938.1	9614124
17073 15 21 LR999938.1	9484018
17008 15 21 LR999938.1	8861849
17000 15 21 LR999938.1	8671980
16980 15 21 LR999938.1	8564497
17060 15 21 LR999938.1	9483713
17367 22 22 LR999938.1	11662555
17259 22 22 LR999938.1	10648980
17138 22 22 LR999938.1	10045576
17337 22 22 LR999938.1	11558170
17234 22 22 LR999938.1	10478247
17330 22 22 LR999938.1	11126697
17404 22 22 LR999938.1	11940349
17379 22 22 LR999938.1	11670530
17412 22 22 LR999938.1	12083328
17265 22 22 LR999938.1	10666190
17299 22 22 LR999938.1	10685792
17244 22 22 LR999938.1	10520442
17156 22 22 LR999938.1	10103753
17249 22 22 LR999938.1	10555715
17196 23 23 LR999938.1	10352291
17426 23 26 LR999938.1	12341411
17439 26 29 LR999938.1	12692733
17488 26 29 LR999938.1	12974095
17471 26 29 LR999938.1	12886361
17518 29 29 LR999938.1	13477383
17530 29 29 LR999938.1	13509334
2888 0 0 LR999927.1	2645954
2932 0 3 LR999927.1	4853774
3006 3 4 LR999927.1	6062442
3058 3 4 LR999927.1	6392473
3047 3 4 LR999927.1	6279715
2999 3 4 LR999927.1	5974377
2962 3 4 LR999927.1	5461087
3053 3 4 LR999927.1	6383443
3012 3 4 LR999927.1	6066267
3031 3 4 LR999927.1	6248505
3145 6 6 LR999927.1	7263430
3188 6 6 LR999927.1	7603449
3167 6 6 LR999927.1	7477664
3259 8 8 LR999927.1	8361935
3247 8 8 LR999927.1	8349656
3286 8 8 LR999927.1	8491116
3244 8 8 LR999927.1	8250670
3414 10 10 LR999927.1	9402670
3330 10 10 LR999927.1	8738077
3321 10 10 LR999927.1	8727984
3351 10 10 LR999927.1	8933381
3369 10 10 LR999927.1	9120222
3328 10 10 LR999927.1	8737536
3373 10 10 LR999927.1	9143211
3295 10 10 LR999927.1	8632604
3382 10 10 LR999927.1	9172678
3306 10 10 LR999927.1	8695331
3311 10 10 LR999927.1	8727636
3423 11 11 LR999927.1	9594105
3534 11 11 LR999927.1	10079686
3437 11 11 LR999927.1	9685880
3418 11 11 LR999927.1	9574324
3516 11 11 LR999927.1	10074304
3426 11 11 LR999927.1	9594620
3504 11 11 LR999927.1	10068160
3483 11 11 LR999927.1	9845734
3490 11 11 LR999927.1	9962380
3547 12 12 LR999927.1	10318883
3614 12 13 LR999927.1	10789340
3631 12 13 LR999927.1	10796151
3602 12 13 LR999927.1	10686685
3634 12 13 LR999927.1	10888328
3696 15 15 LR999927.1	11840452
3669 15 15 LR999927.1	11645808
3722 20 20 LR999927.1	11982277
3737 20 20 LR999927.1	12047834
3744 20 20 LR999927.1	12062274
3794 21 21 LR999927.1	12907359
3763 21 21 LR999927.1	12653949
3778 21 21 LR999927.1	12852543
3820 24 24 LR999927.1	13340112
3832 24 25 LR999927.1	13409461
3846 24 25 LR999927.1	13456944
3862 26 26 LR999927.1	13513072
3958 26 31 LR999927.1	14495832
3886 31 32 LR999927.1	14183707
3909 32 33 LR999927.1	14316679
3951 32 33 LR999927.1	14462592
3930 32 33 LR999927.1	14434752
3969 32 34 LR999927.1	14685357
3976 34 34 LR999927.1	14852947
4013 34 34 LR999927.1	15263611
4075 36 37 LR999927.1	15598626
4054 36 37 LR999927.1	15375398
10426 0 0 LR999932.1	15354538
10359 0 2 LR999932.1	14207879
10386 0 2 LR999932.1	14411993
10364 0 2 LR999932.1	14248770
10347 3 3 LR999932.1	14197049
10329 3 7 LR999932.1	13778012
10337 3 7 LR999932.1	13891269
10046 13 13 LR999932.1	10629149
10107 13 13 LR999932.1	11390566
10168 13 13 LR999932.1	11784128
10028 13 13 LR999932.1	10562983
10118 13 13 LR999932.1	11432601
10103 13 13 LR999932.1	11116480
10083 13 13 LR999932.1	11046290
10209 13 13 LR999932.1	11951949
9946 14 14 LR999932.1	9554695
9903 14 15 LR999932.1	9072435
9900 14 15 LR999932.1	9072114
9914 14 15 LR999932.1	9303934
9851 14 15 LR999932.1	8215542
9932 14 15 LR999932.1	9373501
9857 14 15 LR999932.1	8464585
9708 16 16 LR999932.1	6181391
9793 16 16 LR999932.1	7234688
9705 16 16 LR999932.1	6082986
9805 16 16 LR999932.1	7591847
9739 16 16 LR999932.1	6255138
9615 17 17 LR999932.1	5165754
9597 17 17 LR999932.1	4607807
9673 17 17 LR999932.1	6007100
9640 17 17 LR999932.1	5668231
9626 18 18 LR999932.1	5371779
9440 18 25 LR999932.1	2955801
9498 18 25 LR999932.1	3599547
9483 18 25 LR999932.1	3447302
9376 35 35 LR999932.1	1820164
9362 35 36 LR999932.1	1724302
9316 35 36 LR999932.1	1465490
9298 39 39 LR999932.1	1288611
9263 39 39 LR999932.1	1140950
9245 40 40 LR999932.1	819637
